0.1054687500
0.9648437500
0.0117187500
0.9960937500
0.6679687500
0.7773437500
0.0742187500
0.3085937500
0.2304687500
0.5898437500
0.1367187500
0.6210937500
0.7929687500
0.4023437500
0.1992187500
0.9335937500
0.3554687500
0.2148437500
0.2617187500
0.2460937500
0.9179687500
0.0273437500
0.3242187500
0.5585937500
0.4804687500
0.8398437500
0.3867187500
0.8710937500
0.0429687500
0.6523437500
0.4492187500
0.1835937500
0.6054687500
0.4648437500
0.5117187500
0.4960937500
0.1679687500
0.2773437500
0.5742187500
0.8085937500
0.7304687500
0.0898437500
0.6367187500
0.1210937500
0.2929687500
0.9023437500
0.6992187500
0.4335937500
0.8554687500
0.7148437500
0.7617187500
0.7460937500
0.4179687500
0.5273437500
0.8242187500
0.0585937500
0.9804687500
0.3398437500
0.8867187500
0.3710937500
0.5429687500
0.1523437500
0.9492187500
0.6835937500
0.1054687500
