  0.01	  -0.0249999985
  0.02	  -0.0499877483
  0.03	  -0.0749510154
  0.04	  -0.0998775885
  0.05	  -0.1247553080
  0.06	  -0.1495720446
  0.07	  -0.1743157804
  0.08	  -0.1989745200
  0.09	  -0.2235364020
  0.10	  -0.2479896694
  0.11	  -0.2723226547
  0.12	  -0.2965238690
  0.13	  -0.3205818832
  0.14	  -0.3444854915
  0.15	  -0.3682236373
  0.16	  -0.3917853832
  0.17	  -0.4151600301
  0.18	  -0.4383370578
  0.19	  -0.4613060951
  0.20	  -0.4840570390
  0.21	  -0.5065799356
  0.22	  -0.5288650990
  0.23	  -0.5509030223
  0.24	  -0.5726844668
  0.25	  -0.5942003727
  0.26	  -0.6154419780
  0.27	  -0.6364006400
  0.28	  -0.6570681334
  0.29	  -0.6774363518
  0.30	  -0.6974974275
  0.31	  -0.7172437310
  0.32	  -0.7366679907
  0.33	  -0.7557630539
  0.34	  -0.7745220661
  0.35	  -0.7929384112
  0.36	  -0.8110055923
  0.37	  -0.8287175894
  0.38	  -0.8460683823
  0.39	  -0.8630523682
  0.40	  -0.8796640038
  0.41	  -0.8958981037
  0.42	  -0.9117496610
  0.43	  -0.9272137880
  0.44	  -0.9422858953
  0.45	  -0.9569616914
  0.46	  -0.9712369442
  0.47	  -0.9851076603
  0.48	  -0.9985700250
  0.49	  -1.0116205215
  0.50	  -1.0242555141
  0.51	  -1.0364719629
  0.52	  -1.0482667685
  0.53	  -1.0596368313
  0.54	  -1.0705796480
  0.55	  -1.0810924768
  0.56	  -1.0911728144
  0.57	  -1.1008185148
  0.58	  -1.1100273132
  0.59	  -1.1187971830
  0.60	  -1.1271263361
  0.61	  -1.1350128651
  0.62	  -1.1424552202
  0.63	  -1.1494518518
  0.64	  -1.1560013294
  0.65	  -1.1621023417
  0.66	  -1.1677536964
  0.67	  -1.1729543209
  0.68	  -1.1777032614
  0.69	  -1.1819995642
  0.70	  -1.1858423948
  0.71	  -1.1892311573
  0.72	  -1.1921651363
  0.73	  -1.1946437359
  0.74	  -1.1966667175
  0.75	  -1.1982334852
  0.76	  -1.1993439198
  0.77	  -1.1999977827
  0.78	  -1.2001949549
  0.79	  -1.1999353170
  0.80	  -1.1992191076
  0.81	  -1.1980462074
  0.82	  -1.1964170933
  0.83	  -1.1943317652
  0.84	  -1.1917909384
  0.85	  -1.1887947321
  0.86	  -1.1853438616
  0.87	  -1.1814390421
  0.88	  -1.1770807505
  0.89	  -1.1722700596
  0.90	  -1.1670078039
  0.91	  -1.1612948179
  0.92	  -1.1551324129
  0.93	  -1.1485217810
  0.94	  -1.1414641142
  0.95	  -1.1339609623
  0.96	  -1.1260138750
  0.97	  -1.1176244020
  0.98	  -1.1087943316
  0.99	  -1.0995256901
  1.00	  -1.0898205042
  1.01	  -1.0796808004
  1.02	  -1.0691090822
  1.03	  -1.0581077337
  1.04	  -1.0466794968
  1.05	  -1.0348268747
  1.06	  -1.0225530863
  1.07	  -1.0098609924
  1.08	  -0.9967540503
  1.09	  -0.9832355976
  1.10	  -0.9693093896
  1.11	  -0.9549791813
  1.12	  -0.9402489066
  1.13	  -0.9251229167
  1.14	  -0.9096055627
  1.15	  -0.8937014341
  1.16	  -0.8774154782
  1.17	  -0.8607525826
  1.18	  -0.8437181711
  1.19	  -0.8263176084
  1.20	  -0.8085567355
  1.21	  -0.7904413939
  1.22	  -0.7719779015
  1.23	  -0.7531725764
  1.24	  -0.7340320945
  1.25	  -0.7145633698
  1.26	  -0.6947735548
  1.27	  -0.6746700406
  1.28	  -0.6542605162
  1.29	  -0.6335527301
  1.30	  -0.6125548482
  1.31	  -0.5912752748
  1.32	  -0.5697225332
  1.33	  -0.5479055047
  1.34	  -0.5258331895
  1.35	  -0.5035150051
  1.36	  -0.4809603393
  1.37	  -0.4581789970
  1.38	  -0.4351809025
  1.39	  -0.4119762778
  1.40	  -0.3885754049
  1.41	  -0.3649889231
  1.42	  -0.3412275016
  1.43	  -0.3173021376
  1.44	  -0.2932238877
  1.45	  -0.2690039873
  1.46	  -0.2446538657
  1.47	  -0.2201850712
  1.48	  -0.1956092417
  1.49	  -0.1709381789
  1.50	  -0.1461837590
  1.51	  -0.1213579774
  1.52	  -0.0964728668
  1.53	  -0.0715405568
  1.54	  -0.0465732217
  1.55	  -0.0215830747
  1.56	  0.0034176470
  1.57	  0.0284166932
  1.58	  0.0534018166
  1.59	  0.0783607885
  1.60	  0.1032814011
  1.61	  0.1281514913
  1.62	  0.1529589742
  1.63	  0.1776917875
  1.64	  0.2023379803
  1.65	  0.2268857211
  1.66	  0.2513232231
  1.67	  0.2756388783
  1.68	  0.2998211682
  1.69	  0.3238587379
  1.70	  0.3477403820
  1.71	  0.3714550436
  1.72	  0.3949918449
  1.73	  0.4183401167
  1.74	  0.4414893091
  1.75	  0.4644291401
  1.76	  0.4871494770
  1.77	  0.5096404552
  1.78	  0.5318923593
  1.79	  0.5538957715
  1.80	  0.5756414533
  1.81	  0.5971203446
  1.82	  0.6183238029
  1.83	  0.6392431855
  1.84	  0.6598702073
  1.85	  0.6801968813
  1.86	  0.7002153993
  1.87	  0.7199181318
  1.88	  0.7392978072
  1.89	  0.7583473325
  1.90	  0.7770598531
  1.91	  0.7954288125
  1.92	  0.8134478331
  1.93	  0.8311107755
  1.94	  0.8484117985
  1.95	  0.8653451800
  1.96	  0.8819055557
  1.97	  0.8980876207
  1.98	  0.9138864875
  1.99	  0.9292972684
  2.00	  0.9443154931
  2.01	  0.9589368105
  2.02	  0.9731569886
  2.03	  0.9869720936
  2.04	  1.0003783703
  2.05	  1.0133721828
  2.06	  1.0259501934
  2.07	  1.0381091833
  2.08	  1.0498460531
  2.09	  1.0611579418
  2.10	  1.0720421076
  2.11	  1.0824959278
  2.12	  1.0925170183
  2.13	  1.1021031141
  2.14	  1.1112520695
  2.15	  1.1199618578
  2.16	  1.1282305717
  2.17	  1.1360564232
  2.18	  1.1434379816
  2.19	  1.1503735781
  2.20	  1.1568617821
  2.21	  1.1629014015
  2.22	  1.1684912443
  2.23	  1.1736302376
  2.24	  1.1783173084
  2.25	  1.1825516224
  2.26	  1.1863324642
  2.27	  1.1896589994
  2.28	  1.1925307512
  2.29	  1.1949471235
  2.30	  1.1969077587
  2.31	  1.1984121799
  2.32	  1.1994602680
  2.33	  1.2000516653
  2.34	  1.2001863718
  2.35	  1.1998643875
  2.36	  1.1990857124
  2.37	  1.1978504658
  2.38	  1.1961588860
  2.39	  1.1940113306
  2.40	  1.1914081573
  2.41	  1.1883498430
  2.42	  1.1848368645
  2.43	  1.1808700562
  2.44	  1.1764498949
  2.45	  1.1715773344
  2.46	  1.1662534475
  2.47	  1.1604789495
  2.48	  1.1542552710
  2.49	  1.1475833654
  2.50	  1.1404647827
  2.51	  1.1329008341
  2.52	  1.1248930693
  2.53	  1.1164432764
  2.54	  1.1075532436
  2.55	  1.0982247591
  2.56	  1.0884600878
  2.57	  1.0782611370
  2.58	  1.0676306486
  2.59	  1.0565707684
  2.60	  1.0450842381
  2.61	  1.0331739187
  2.62	  1.0208426714
  2.63	  1.0080937147
  2.64	  0.9949303269
  2.65	  0.9813559651
  2.66	  0.9673742652
  2.67	  0.9529891014
  2.68	  0.9382045269
  2.69	  0.9230247736
  2.70	  0.9074542522
  2.71	  0.8914976716
  2.72	  0.8751598597
  2.73	  0.8584458828
  2.74	  0.8413610458
  2.75	  0.8239109516
  2.76	  0.8061012626
  2.77	  0.7879379392
  2.78	  0.7694272995
  2.79	  0.7505757809
  2.80	  0.7313899994
  2.81	  0.7118769884
  2.82	  0.6920438409
  2.83	  0.6718980670
  2.84	  0.6514472365
  2.85	  0.6306993365
  2.86	  0.6096624732
  2.87	  0.5883450508
  2.88	  0.5667556524
  2.89	  0.5449031591
  2.90	  0.5227967501
  2.91	  0.5004456043
  2.92	  0.4778594077
  2.93	  0.4550478458
  2.94	  0.4320209026
  2.95	  0.4087888300
  2.96	  0.3853619695
  2.97	  0.3617509305
  2.98	  0.3379664719
  2.99	  0.3140195310
  3.00	  0.2899212539
  3.01	  0.2656828761
  3.02	  0.2413158566
  3.03	  0.2168317288
  3.04	  0.1922421902
  3.05	  0.1675590277
  3.06	  0.1427941471
  3.07	  0.1179595366
  3.08	  0.0930672586
  3.09	  0.0681294426
  3.10	  0.0431582667
  3.11	  0.0181659535
  3.12	  -0.0068352628
  3.13	  -0.0318331271
  3.14	  -0.0568154007
  3.15	  -0.0817698464
  3.16	  -0.1066842675
  3.17	  -0.1315465122
  3.18	  -0.1563444883
  3.19	  -0.1810661703
  3.20	  -0.2056996077
  3.21	  -0.2302329689
  3.22	  -0.2546544969
  3.23	  -0.2789525986
  3.24	  -0.3031157851
  3.25	  -0.3271327019
  3.26	  -0.3509921730
  3.27	  -0.3746831417
  3.28	  -0.3981948197
  3.29	  -0.4215164781
  3.30	  -0.4446376562
  3.31	  -0.4675480723
  3.32	  -0.4902376235
  3.33	  -0.5126965046
  3.34	  -0.5349149704
  3.35	  -0.5568836927
  3.36	  -0.5785934329
  3.37	  -0.6000352502
  3.38	  -0.6212003231
  3.39	  -0.6420801878
  3.40	  -0.6626666784
  3.41	  -0.6829516888
  3.42	  -0.7029274106
  3.43	  -0.7225864530
  3.44	  -0.7419214249
  3.45	  -0.7609252334
  3.46	  -0.7795912027
  3.47	  -0.7979127169
  3.48	  -0.8158833981
  3.49	  -0.8334972262
  3.50	  -0.8507483006
  3.51	  -0.8676310182
  3.52	  -0.8841399550
  3.53	  -0.9002699852
  3.54	  -0.9160160422
  3.55	  -0.9313734770
  3.56	  -0.9463376999
  3.57	  -0.9609043598
  3.58	  -0.9750694036
  3.59	  -0.9888288379
  3.60	  -1.0021790266
  3.61	  -1.0151162148
  3.62	  -1.0276371241
  3.63	  -1.0397385359
  3.64	  -1.0514174700
  3.65	  -1.0626710653
  3.66	  -1.0734965801
  3.67	  -1.0838913918
  3.68	  -1.0938531160
  3.69	  -1.1033796072
  3.70	  -1.1124686003
  3.71	  -1.1211181879
  3.72	  -1.1293264627
  3.73	  -1.1370917559
  3.74	  -1.1444123983
  3.75	  -1.1512868404
  3.76	  -1.1577138901
  3.77	  -1.1636921167
  3.78	  -1.1692203283
  3.79	  -1.1742975712
  3.80	  -1.1789227724
  3.81	  -1.1830952168
  3.82	  -1.1868139505
  3.83	  -1.1900784969
  3.84	  -1.1928880215
  3.85	  -1.1952420473
  3.86	  -1.1971403360
  3.87	  -1.1985824108
  3.88	  -1.1995680332
  3.89	  -1.2000970840
  3.90	  -1.2001693249
  3.91	  -1.1997848749
  3.92	  -1.1989437342
  3.93	  -1.1976461411
  3.94	  -1.1958922148
  3.95	  -1.1936824322
  3.96	  -1.1910169125
  3.97	  -1.1878964901
  3.98	  -1.1843214035
  3.99	  -1.1802924871
  4.00	  -1.1758104563
  4.01	  -1.1708762646
  4.02	  -1.1654906273
  4.03	  -1.1596547365
  4.04	  -1.1533696651
  4.05	  -1.1466366053
  4.06	  -1.1394571066
  4.07	  -1.1318323612
  4.08	  -1.1237641573
  4.09	  -1.1152540445
  4.10	  -1.1063039303
  4.11	  -1.0969157219
  4.12	  -1.0870914459
  4.13	  -1.0768334866
  4.14	  -1.0661439896
  4.15	  -1.0550256968
  4.16	  -1.0434811115
  4.17	  -1.0315130949
  4.18	  -1.0191245079
  4.19	  -1.0063188076
  4.20	  -0.9930989742
  4.21	  -0.9794687033
  4.22	  -0.9654316306
  4.23	  -0.9509916306
  4.24	  -0.9361527562
  4.25	  -0.9209192991
  4.26	  -0.9052957296
  4.27	  -0.8892867565
  4.28	  -0.8728972077
  4.29	  -0.8561322093
  4.30	  -0.8389971256
  4.31	  -0.8214974999
  4.32	  -0.8036391139
  4.33	  -0.7854279876
  4.34	  -0.7668703794
  4.35	  -0.7479727268
  4.36	  -0.7287418246
  4.37	  -0.7091846466
  4.38	  -0.6893083453
  4.39	  -0.6691203713
  4.40	  -0.6486284733
  4.41	  -0.6278405786
  4.42	  -0.6067648530
  4.43	  -0.5854097009
  4.44	  -0.5637838244
  4.45	  -0.5418961048
  4.46	  -0.5197556615
  4.47	  -0.4973718524
  4.48	  -0.4747542441
  4.49	  -0.4519126415
  4.50	  -0.4288570881
  4.51	  -0.4055977464
  4.52	  -0.3821450770
  4.53	  -0.3585096896
  4.54	  -0.3347023726
  4.55	  -0.3107340932
  4.56	  -0.2866159976
  4.57	  -0.2623593509
  4.58	  -0.2379756421
  4.59	  -0.2134764194
  4.60	  -0.1888733804
  4.61	  -0.1641783565
  4.62	  -0.1394032240
  4.63	  -0.1145600155
  4.64	  -0.0896608010
  4.65	  -0.0647177026
  4.66	  -0.0397429168
  4.67	  -0.0147486646
  4.68	  0.0102528157
  4.69	  0.0352492742
  4.70	  0.0602284595
  4.71	  0.0851781517
  4.72	  0.1100861579
  4.73	  0.1349403411
  4.74	  0.1597285867
  4.75	  0.1844389141
  4.76	  0.2090593576
  4.77	  0.2335781306
  4.78	  0.2579834759
  4.79	  0.2822637856
  4.80	  0.3064076602
  4.81	  0.3304037154
  4.82	  0.3542407751
  4.83	  0.3779079020
  4.84	  0.4013942182
  4.85	  0.4246890843
  4.86	  0.4477820396
  4.87	  0.4706628621
  4.88	  0.4933214784
  4.89	  0.5157480240
  4.90	  0.5379329324
  4.91	  0.5598667860
  4.92	  0.5815404058
  4.93	  0.6029449105
  4.94	  0.6240714788
  4.95	  0.6449117661
  4.96	  0.6654574871
  4.97	  0.6857006550
  4.98	  0.7056335807
  4.99	  0.7252486944
  5.00	  0.7445388436
  5.01	  0.7634968758
  5.02	  0.7821161151
  5.03	  0.8003900647
  5.04	  0.8183123469
  5.05	  0.8358768821
  5.06	  0.8530779481
  5.07	  0.8699098825
  5.08	  0.8863673210
  5.09	  0.9024451375
  5.10	  0.9181383848
  5.11	  0.9334422946
  5.12	  0.9483524561
  5.13	  0.9628644586
  5.14	  0.9769743085
  5.15	  0.9906780124
  5.16	  1.0039718151
  5.17	  1.0168523788
  5.18	  1.0293161869
  5.19	  1.0413600206
  5.20	  1.0529810190
  5.21	  1.0641762018
  5.22	  1.0749429464
  5.23	  1.0852786303
  5.24	  1.0951811075
  5.25	  1.1046478748
  5.26	  1.1136769056
  5.27	  1.1222662926
  5.28	  1.1304141283
  5.29	  1.1381186247
  5.30	  1.1453784704
  5.31	  1.1521918774
  5.32	  1.1585575342
  5.33	  1.1644743681
  5.34	  1.1699409485
  5.35	  1.1749565601
  5.36	  1.1795198917
  5.37	  1.1836303473
  5.38	  1.1872870922
  5.39	  1.1904892921
  5.40	  1.1932367086
  5.41	  1.1955285072
  5.42	  1.1973643303
  5.43	  1.1987440586
  5.44	  1.1996673346
  5.45	  1.2001339197
  5.46	  1.2001436949
  5.47	  1.1996968985
  5.48	  1.1987932920
  5.49	  1.1974333525
  5.50	  1.1956170797
  5.51	  1.1933449507
  5.52	  1.1906172037
  5.53	  1.1874345541
  5.54	  1.1837974787
  5.55	  1.1797065735
  5.56	  1.1751626730
  5.57	  1.1701666117
  5.58	  1.1647194624
  5.59	  1.1588220596
  5.60	  1.1524757147
  5.61	  1.1456815004
  5.62	  1.1384410858
  5.63	  1.1307555437
  5.64	  1.1226269007
  5.65	  1.1140564680
  5.66	  1.1050463915
  5.67	  1.0955984592
  5.68	  1.0857148170
  5.69	  1.0753977299
  5.70	  1.0646494627
  5.71	  1.0534726381
  5.72	  1.0418699980
  5.73	  1.0298444033
  5.74	  1.0173985958
  5.75	  1.0045360327
  5.76	  0.9912599325
  5.77	  0.9775738120
  5.78	  0.9634814262
  5.79	  0.9489866495
  5.80	  0.9340935946
  5.81	  0.9188065529
  5.82	  0.9031300545
  5.83	  0.8870687485
  5.84	  0.8706275821
  5.85	  0.8538116813
  5.86	  0.8366264105
  5.87	  0.8190774322
  5.88	  0.8011704683
  5.89	  0.7829115987
  5.90	  0.7643070817
  5.91	  0.7453634739
  5.92	  0.7260875702
  5.93	  0.7064862847
  5.94	  0.6865669489
  5.95	  0.6663370132
  5.96	  0.6458041668
  5.97	  0.6249763966
  5.98	  0.6038619876
  5.99	  0.5824693441
  6.00	  0.5608071685
  6.01	  0.5388843417
  6.02	  0.5167100430
  6.03	  0.4942937195
  6.04	  0.4716449082
  6.05	  0.4487734735
  6.06	  0.4256894290
  6.07	  0.4024030566
  6.08	  0.3789247870
  6.09	  0.3552652597
  6.10	  0.3314352930
  6.11	  0.3074458539
  6.12	  0.2833081484
  6.13	  0.2590334713
  6.14	  0.2346332818
  6.15	  0.2101191729
  6.16	  0.1855028570
  6.17	  0.1607961804
  6.18	  0.1360110343
  6.19	  0.1111594588
  6.20	  0.0862535238
  6.21	  0.0613053739
  6.22	  0.0363272056
  6.23	  0.0113312416
  6.24	  -0.0136702750
  6.25	  -0.0386650935
  6.26	  -0.0636409670
  6.27	  -0.0885856822
  6.28	  -0.1134870499
  6.29	  -0.1383329183
  6.30	  -0.1631112248
  6.31	  -0.1878099740
  6.32	  -0.2124172151
  6.33	  -0.2369211614
  6.34	  -0.2613101006
  6.35	  -0.2855724394
  6.36	  -0.3096967638
  6.37	  -0.3336717486
  6.38	  -0.3574862182
  6.39	  -0.3811292648
  6.40	  -0.4045900404
  6.41	  -0.4278579056
  6.42	  -0.4509224892
  6.43	  -0.4737735093
  6.44	  -0.4964009821
  6.45	  -0.5187950730
  6.46	  -0.5409462452
  6.47	  -0.5628450513
  6.48	  -0.5844823718
  6.49	  -0.6058493853
  6.50	  -0.6269373298
  6.51	  -0.6477378011
  6.52	  -0.6682426333
  6.53	  -0.6884438992
  6.54	  -0.7083337903
  6.55	  -0.7279049158
  6.56	  -0.7471500635
  6.57	  -0.7660622001
  6.58	  -0.7846345901
  6.59	  -0.8028607965
  6.60	  -0.8207345605
  6.61	  -0.8382498026
  6.62	  -0.8554006815
  6.63	  -0.8721817732
  6.64	  -0.8885875940
  6.65	  -0.9046131372
  6.66	  -0.9202533960
  6.67	  -0.9355037808
  6.68	  -0.9503597021
  6.69	  -0.9648170471
  6.70	  -0.9788715839
  6.71	  -0.9925194383
  6.72	  -1.0057569742
  6.73	  -1.0185807943
  6.74	  -1.0309873819
  6.75	  -1.0429735184
  6.76	  -1.0545364618
  6.77	  -1.0656732321
  6.78	  -1.0763812065
  6.79	  -1.0866578817
  6.80	  -1.0965008736
  6.81	  -1.1059079170
  6.82	  -1.1148769855
  6.83	  -1.1234061718
  6.84	  -1.1314934492
  6.85	  -1.1391373873
  6.86	  -1.1463361979
  6.87	  -1.1530884504
  6.88	  -1.1593928337
  6.89	  -1.1652481556
  6.90	  -1.1706532240
  6.91	  -1.1756069660
  6.92	  -1.1801085472
  6.93	  -1.1841570139
  6.94	  -1.1877516508
  6.95	  -1.1908917427
  6.96	  -1.1935768127
  6.97	  -1.1958063841
  6.98	  -1.1975798607
  6.99	  -1.1988972425
  7.00	  -1.1997580528
  7.01	  -1.2001621723
  7.02	  -1.2001096010
  7.03	  -1.1996002197
  7.04	  -1.1986343861
  7.05	  -1.1972119808
  7.06	  -1.1953333616
  7.07	  -1.1929988861
  7.08	  -1.1902090311
  7.09	  -1.1869641542
  7.10	  -1.1832649708
  7.11	  -1.1791121960
  7.12	  -1.1745064259
  7.13	  -1.1694486141
  7.14	  -1.1639398336
  7.15	  -1.1579810381
  7.16	  -1.1515733004
  7.17	  -1.1447180510
  7.18	  -1.1374167204
  7.19	  -1.1296706200
  7.20	  -1.1214812994
  7.21	  -1.1128507853
  7.22	  -1.1037806273
  7.23	  -1.0942730904
  7.24	  -1.0843299627
  7.25	  -1.0739538670
  7.26	  -1.0631468296
  7.27	  -1.0519117117
  7.28	  -1.0402511358
  7.29	  -1.0281678438
  7.30	  -1.0156649351
  7.31	  -1.0027455091
  7.32	  -0.9894132018
  7.33	  -0.9756713510
  7.34	  -0.9615237117
  7.35	  -0.9469742775
  7.36	  -0.9320271015
  7.37	  -0.9166865349
  7.38	  -0.9009571671
  7.39	  -0.8848435879
  7.40	  -0.8683509231
  7.41	  -0.8514841795
  7.42	  -0.8342489004
  7.43	  -0.8166506290
  7.44	  -0.7986951470
  7.45	  -0.7803886533
  7.46	  -0.7617374659
  7.47	  -0.7427480221
  7.48	  -0.7234271765
  7.49	  -0.7037820220
  7.50	  -0.6838197708
  7.51	  -0.6635479331
  7.52	  -0.6429743171
  7.53	  -0.6221069098
  7.54	  -0.6009539366
  7.55	  -0.5795239210
  7.56	  -0.5578255653
  7.57	  -0.5358678699
  7.58	  -0.5136599541
  7.59	  -0.4912112355
  7.60	  -0.4685314000
  7.61	  -0.4456303120
  7.62	  -0.4225180149
  7.63	  -0.3992047906
  7.64	  -0.3757010996
  7.65	  -0.3520176411
  7.66	  -0.3281652033
  7.67	  -0.3041548729
  7.68	  -0.2799977660
  7.69	  -0.2557052374
  7.70	  -0.2312887907
  7.71	  -0.2067600191
  7.72	  -0.1821306497
  7.73	  -0.1574125290
  7.74	  -0.1326176077
  7.75	  -0.1077578738
  7.76	  -0.0828454569
  7.77	  -0.0578924827
  7.78	  -0.0329111591
  7.79	  -0.0079137143
  7.80	  0.0170876086
  7.81	  0.0420805588
  7.82	  0.0670529008
  7.83	  0.0919924080
  7.84	  0.1168868989
  7.85	  0.1417242438
  7.86	  0.1664923877
  7.87	  0.1911793202
  7.88	  0.2157731354
  7.89	  0.2402620614
  7.90	  0.2646343708
  7.91	  0.2888785303
  7.92	  0.3129830956
  7.93	  0.3369367719
  7.94	  0.3607284725
  7.95	  0.3843472302
  7.96	  0.4077822566
  7.97	  0.4310229421
  7.98	  0.4540589154
  7.99	  0.4768799841
  8.00	  0.4994761348
  8.01	  0.5218375921
  8.02	  0.5439547896
  8.03	  0.5658183694
  8.04	  0.5874193311
  8.05	  0.6087486744
  8.06	  0.6297978163
  8.07	  0.6505583525
  8.08	  0.6710221767
  8.09	  0.6911812425
  8.10	  0.7110280395
  8.11	  0.7305549979
  8.12	  0.7497550249
  8.13	  0.7686211467
  8.14	  0.7871466279
  8.15	  0.8053250313
  8.16	  0.8231500983
  8.17	  0.8406158686
  8.18	  0.8577165604
  8.19	  0.8744466305
  8.20	  0.8908007741
  8.21	  0.9067739248
  8.22	  0.9223611355
  8.23	  0.9375578761
  8.24	  0.9523595572
  8.25	  0.9667620659
  8.26	  0.9807612300
  8.27	  0.9943532348
  8.28	  1.0075345039
  8.29	  1.0203013420
  8.30	  1.0326507092
  8.31	  1.0445791483
  8.32	  1.0560840368
  8.33	  1.0671623945
  8.34	  1.0778114796
  8.35	  1.0880290270
  8.36	  1.0978125334
  8.37	  1.1071598530
  8.38	  1.1160689592
  8.39	  1.1245377064
  8.40	  1.1325645447
  8.41	  1.1401476860
  8.42	  1.1472855806
  8.43	  1.1539766788
  8.44	  1.1602197886
  8.45	  1.1660135984
  8.46	  1.1713570356
  8.47	  1.1762490273
  8.48	  1.1806887388
  8.49	  1.1846750975
  8.50	  1.1882076263
  8.51	  1.1912856102
  8.52	  1.1939084530
  8.53	  1.1960756779
  8.54	  1.1977869272
  8.55	  1.1990418434
  8.56	  1.1998401880
  8.57	  1.2001819611
  8.58	  1.2000669241
  8.59	  1.1994951963
  8.60	  1.1984668970
  8.61	  1.1969820261
  8.62	  1.1950411797
  8.63	  1.1926444769
  8.64	  1.1897922754
  8.65	  1.1864852905
  8.66	  1.1827241182
  8.67	  1.1785092354
  8.68	  1.1738417149
  8.69	  1.1687222719
  8.70	  1.1631518602
  8.71	  1.1571315527
  8.72	  1.1506626606
  8.73	  1.1437463760
  8.74	  1.1363840103
  8.75	  1.1285772324
  8.76	  1.1203275919
  8.77	  1.1116368771
  8.78	  1.1025067568
  8.79	  1.0929394960
  8.80	  1.0829371214
  8.81	  1.0725018978
  8.82	  1.0616363287
  8.83	  1.0503427982
  8.84	  1.0386242867
  8.85	  1.0264834166
  8.86	  1.0139234066
  8.87	  1.0009473562
  8.88	  0.9875588417
  8.89	  0.9737612605
  8.90	  0.9595584869
  8.91	  0.9449544549
  8.92	  0.9299532175
  8.93	  0.9145592451
  8.94	  0.8987770677
  8.95	  0.8826113939
  8.96	  0.8660672903
  8.97	  0.8491498828
  8.98	  0.8318645954
  8.99	  0.8142171502
  9.00	  0.7962133288
  9.01	  0.7778593302
  9.02	  0.7591614723
  9.03	  0.7401263714
  9.04	  0.7207607627
  9.05	  0.7010718584
  9.06	  0.6810668111
  9.07	  0.6607532501
  9.08	  0.6401390433
  9.09	  0.6192320585
  9.10	  0.5980407596
  9.11	  0.5765734911
  9.12	  0.5548391938
  9.13	  0.5328466892
  9.14	  0.5106052756
  9.15	  0.4881244302
  9.16	  0.4654137790
  9.17	  0.4424832165
  9.18	  0.4193428457
  9.19	  0.3960029483
  9.20	  0.3724740744
  9.21	  0.3487668633
  9.22	  0.3248921931
  9.23	  0.3008611202
  9.24	  0.2766848207
  9.25	  0.2523746789
  9.26	  0.2279421985
  9.27	  0.2033989727
  9.28	  0.1787567735
  9.29	  0.1540274620
  9.30	  0.1292229593
  9.31	  0.1043553129
  9.32	  0.0794366300
  9.33	  0.0544790626
  9.34	  0.0294948146
  9.35	  0.0044961153
  9.36	  -0.0205047876
  9.37	  -0.0454956405
  9.38	  -0.0704642087
  9.39	  -0.0953982845
  9.40	  -0.1202856824
  9.41	  -0.1451142728
  9.42	  -0.1698720157
  9.43	  -0.1945469230
  9.44	  -0.2191271037
  9.45	  -0.2436007708
  9.46	  -0.2679562271
  9.47	  -0.2921819687
  9.48	  -0.3162665963
  9.49	  -0.3401987851
  9.50	  -0.3639674783
  9.51	  -0.3875617385
  9.52	  -0.4109708369
  9.53	  -0.4341841638
  9.54	  -0.4571913481
  9.55	  -0.4799822569
  9.56	  -0.5025469065
  9.57	  -0.5248755217
  9.58	  -0.5469585657
  9.59	  -0.5687867999
  9.60	  -0.5903511643
  9.61	  -0.6116427183
  9.62	  -0.6326528788
  9.63	  -0.6533733606
  9.64	  -0.6737959385
  9.65	  -0.6939128041
  9.66	  -0.7137163281
  9.67	  -0.7331990004
  9.68	  -0.7523537874
  9.69	  -0.7711737156
  9.70	  -0.7896521091
  9.71	  -0.8077825904
  9.72	  -0.8255589008
  9.73	  -0.8429750800
  9.74	  -0.8600254655
  9.75	  -0.8767044544
  9.76	  -0.8930068016
  9.77	  -0.9089275002
  9.78	  -0.9244616032
  9.79	  -0.9396045804
  9.80	  -0.9543519616
  9.81	  -0.9686995745
  9.82	  -0.9826433063
  9.83	  -0.9961794019
  9.84	  -1.0093041658
  9.85	  -1.0220141411
  9.86	  -1.0343061686
  9.87	  -1.0461769104
  9.88	  -1.0576236248
  9.89	  -1.0686434507
  9.90	  -1.0792337656
  9.91	  -1.0893920660
  9.92	  -1.0991160870
  9.93	  -1.1084035635
  9.94	  -1.1172525883
  9.95	  -1.1256611347
  9.96	  -1.1336272955
  9.97	  -1.1411496401
  9.98	  -1.1482266188
  9.99	  -1.1548565626
  10.00	  -1.1610382795
  10.01	  -1.1667705774
  10.02	  -1.1720523834
  10.03	  -1.1768826246
  10.04	  -1.1812603474
  10.05	  -1.1851848364
  10.06	  -1.1886552572
  10.07	  -1.1916710138
  10.08	  -1.1942316294
  10.09	  -1.1963365078
  10.10	  -1.1979854107
  10.11	  -1.1991778612
  10.12	  -1.1999138594
  10.13	  -1.2001931667
  10.14	  -1.2000156641
  10.15	  -1.1993815899
  10.16	  -1.1982908249
  10.17	  -1.1967437267
  10.18	  -1.1947404146
  10.19	  -1.1922813654
  10.20	  -1.1893670559
  10.21	  -1.1859979630
  10.22	  -1.1821746826
  10.23	  -1.1778979301
  10.24	  -1.1731685400
  10.25	  -1.1679873466
  10.26	  -1.1623554230
  10.27	  -1.1562737226
  10.28	  -1.1497435570
  10.29	  -1.1427662373
  10.30	  -1.1353430748
  10.31	  -1.1274756193
  10.32	  -1.1191655397
  10.33	  -1.1104146242
  10.34	  -1.1012247801
  10.35	  -1.0915979147
  10.36	  -1.0815361738
  10.37	  -1.0710420609
  10.38	  -1.0601177216
  10.39	  -1.0487660170
  10.40	  -1.0369894505
  10.41	  -1.0247911215
  10.42	  -1.0121741295
  10.43	  -0.9991415143
  10.44	  -0.9856968522
  10.45	  -0.9718436599
  10.46	  -0.9575857520
  10.47	  -0.9429271817
  10.48	  -0.9278720021
  10.49	  -0.9124246836
  10.50	  -0.8965898156
  10.51	  -0.8803721070
  10.52	  -0.8637766242
  10.53	  -0.8468086123
  10.54	  -0.8294734955
  10.55	  -0.8117769957
  10.56	  -0.7937249541
  10.57	  -0.7753235698
  10.58	  -0.7565792203
  10.59	  -0.7374985218
  10.60	  -0.7180883288
  10.61	  -0.6983557343
  10.62	  -0.6783080697
  10.63	  -0.6579529643
  10.64	  -0.6372982264
  10.65	  -0.6163519025
  10.66	  -0.5951223373
  10.67	  -0.5736181140
  10.68	  -0.5518479347
  10.69	  -0.5298208594
  10.70	  -0.5075461864
  10.71	  -0.4850333333
  10.72	  -0.4622920454
  10.73	  -0.4393321872
  10.74	  -0.4161639512
  10.75	  -0.3927975893
  10.76	  -0.3692436814
  10.77	  -0.3455129564
  10.78	  -0.3216162324
  10.79	  -0.2975646555
  10.80	  -0.2733694017
  10.81	  -0.2490418553
  10.82	  -0.2245935351
  10.83	  -0.2000360936
  10.84	  -0.1753812879
  10.85	  -0.1506409794
  10.86	  -0.1258271337
  10.87	  -0.1009517983
  10.88	  -0.0760270804
  10.89	  -0.0510651432
  10.90	  -0.0260781981
  10.91	  -0.0010784748
  10.92	  0.0239217766
  10.93	  0.0489103086
  10.94	  0.0738748834
  10.95	  0.0988032892
  10.96	  0.1236833632
  10.97	  0.1485029906
  10.98	  0.1732501090
  10.99	  0.1979127675
  11.00	  0.2224790752
  11.01	  0.2469372749
  11.02	  0.2712756991
  11.03	  0.2954828143
  11.04	  0.3195472360
  11.05	  0.3434577286
  11.06	  0.3672032356
  11.07	  0.3907728195
  11.08	  0.4141557515
  11.09	  0.4373415112
  11.10	  0.4603197575
  11.11	  0.4830802977
  11.12	  0.5056132674
  11.13	  0.5279088616
  11.14	  0.5499576330
  11.15	  0.5717503428
  11.16	  0.5932778716
  11.17	  0.6145314574
  11.18	  0.6355025172
  11.19	  0.6561827660
  11.20	  0.6765640378
  11.21	  0.6966385245
  11.22	  0.7163985968
  11.23	  0.7358368635
  11.24	  0.7549462914
  11.25	  0.7737199068
  11.26	  0.7921511531
  11.27	  0.8102335334
  11.28	  0.8279609680
  11.29	  0.8453274965
  11.30	  0.8623273969
  11.31	  0.8789552450
  11.32	  0.8952057362
  11.33	  0.9110738039
  11.34	  0.9265547395
  11.35	  0.9416439533
  11.36	  0.9563369155
  11.37	  0.9706295133
  11.38	  0.9845177531
  11.39	  0.9979978204
  11.40	  1.0110660791
  11.41	  1.0237191916
  11.42	  1.0359537601
  11.43	  1.0477666855
  11.44	  1.0591552258
  11.45	  1.0701165199
  11.46	  1.0806478262
  11.47	  1.0907469988
  11.48	  1.1004114151
  11.49	  1.1096391678
  11.50	  1.1184279919
  11.51	  1.1267760992
  11.52	  1.1346818209
  11.53	  1.1421433687
  11.54	  1.1491591930
  11.55	  1.1557279825
  11.56	  1.1618484259
  11.57	  1.1675192118
  11.58	  1.1727393866
  11.59	  1.1775077581
  11.60	  1.1818236113
  11.61	  1.1856859922
  11.62	  1.1890943050
  11.63	  1.1920479536
  11.64	  1.1945462227
  11.65	  1.1965888739
  11.66	  1.1981753111
  11.67	  1.1993054152
  11.68	  1.1999789476
  11.69	  1.2001957893
  11.70	  1.1999559402
  11.71	  1.1992594004
  11.72	  1.1981062889
  11.73	  1.1964967251
  11.74	  1.1944311857
  11.75	  1.1919099092
  11.76	  1.1889333725
  11.77	  1.1855021715
  11.78	  1.1816167831
  11.79	  1.1772781610
  11.80	  1.1724869013
  11.81	  1.1672440767
  11.82	  1.1615505219
  11.83	  1.1554075480
  11.84	  1.1488162279
  11.85	  1.1417777538
  11.86	  1.1342937946
  11.87	  1.1263657808
  11.88	  1.1179953814
  11.89	  1.1091842651
  11.90	  1.0999345779
  11.91	  1.0902481079
  11.92	  1.0801271200
  11.93	  1.0695739985
  11.94	  1.0585911274
  11.95	  1.0471812487
  11.96	  1.0353468657
  11.97	  1.0230910778
  11.98	  1.0104171038
  11.99	  0.9973279238
  12.00	  0.9838271737
  12.01	  0.9699184895
  12.02	  0.9556055665
  12.03	  0.9408925176
  12.04	  0.9257835150
  12.05	  0.9102829099
  12.06	  0.8943954110
  12.07	  0.8781257868
  12.08	  0.8614790440
  12.09	  0.8444605470
  12.10	  0.8270756602
  12.11	  0.8093302250
  12.12	  0.7912300825
  12.13	  0.7727814317
  12.14	  0.7539907098
  12.15	  0.7348645329
  12.16	  0.7154098153
  12.17	  0.6956337690
  12.18	  0.6755436063
  12.19	  0.6551470757
  12.20	  0.6344519854
  12.21	  0.6134665012
  12.22	  0.5921988487
  12.23	  0.5706577301
  12.24	  0.5488519073
  12.25	  0.5267904401
  12.26	  0.5044826269
  12.27	  0.4819379747
  12.28	  0.4591662288
  12.29	  0.4361772835
  12.30	  0.4129813313
  12.31	  0.3895887136
  12.32	  0.3660100102
  12.33	  0.3422559202
  12.34	  0.3183374107
  12.35	  0.2942655087
  12.36	  0.2700515091
  12.37	  0.2457067668
  12.38	  0.2212428302
  12.39	  0.1966713816
  12.40	  0.1720041782
  12.41	  0.1472531110
  12.42	  0.1224301606
  12.43	  0.0975473598
  12.44	  0.0726168305
  12.45	  0.0476507582
  12.46	  0.0226613432
  12.47	  -0.0023391757
  12.48	  -0.0273385476
  12.49	  -0.0523245260
  12.50	  -0.0772848725
  12.51	  -0.1022073925
  12.52	  -0.1270799190
  12.53	  -0.1518903375
  12.54	  -0.1766266227
  12.55	  -0.2012768090
  12.56	  -0.2258290350
  12.57	  -0.2502715290
  12.58	  -0.2745926678
  12.59	  -0.2987809777
  12.60	  -0.3228250146
  12.61	  -0.3467136025
  12.62	  -0.3704357147
  12.63	  -0.3939804137
  12.64	  -0.4173370004
  12.65	  -0.4404950142
  12.66	  -0.4634440541
  12.67	  -0.4861740768
  12.68	  -0.5086751580
  12.69	  -0.5309376121
  12.70	  -0.5529519320
  12.71	  -0.5747088790
  12.72	  -0.5961995125
  12.73	  -0.6174149513
  12.74	  -0.6383467913
  12.75	  -0.6589865685
  12.76	  -0.6793264151
  12.77	  -0.6993583441
  12.78	  -0.7190748453
  12.79	  -0.7384685874
  12.80	  -0.7575325370
  12.81	  -0.7762597203
  12.82	  -0.7946436405
  12.83	  -0.8126778603
  12.84	  -0.8303562999
  12.85	  -0.8476730585
  12.86	  -0.8646224141
  12.87	  -0.8811989427
  12.88	  -0.8973974586
  12.89	  -0.9132129550
  12.90	  -0.9286406040
  12.91	  -0.9436758757
  12.92	  -0.9583143592
  12.93	  -0.9725518823
  12.94	  -0.9863845706
  12.95	  -0.9998085499
  12.96	  -1.0128202438
  12.97	  -1.0254162550
  12.98	  -1.0375934839
  12.99	  -1.0493485928
  13.00	  -1.0606788397
  13.01	  -1.0715814829
  13.02	  -1.0820538998
  13.03	  -1.0920937061
  13.04	  -1.1016986370
  13.05	  -1.1108664274
  13.06	  -1.1195951700
  13.07	  -1.1278829575
  13.08	  -1.1357280016
  13.09	  -1.1431287527
  13.10	  -1.1500835419
  13.11	  -1.1565911770
  13.12	  -1.1626501083
  13.13	  -1.1682593822
  13.14	  -1.1734178066
  13.15	  -1.1781244278
  13.16	  -1.1823782921
  13.17	  -1.1861786842
  13.18	  -1.1895248890
  13.19	  -1.1924163103
  13.20	  -1.1948523521
  13.21	  -1.1968326569
  13.22	  -1.1983567476
  13.23	  -1.1994245052
  13.24	  -1.2000355721
  13.25	  -1.2001899481
  13.26	  -1.1998876333
  13.27	  -1.1991287470
  13.28	  -1.1979131699
  13.29	  -1.1962412596
  13.30	  -1.1941133738
  13.31	  -1.1915298700
  13.32	  -1.1884911060
  13.33	  -1.1849977970
  13.34	  -1.1810504198
  13.35	  -1.1766499281
  13.36	  -1.1717969179
  13.37	  -1.1664923429
  13.38	  -1.1607373953
  13.39	  -1.1545329094
  13.40	  -1.1478804350
  13.41	  -1.1407810450
  13.42	  -1.1332362890
  13.43	  -1.1252477169
  13.44	  -1.1168168783
  13.45	  -1.1079457998
  13.46	  -1.0986361504
  13.47	  -1.0888901949
  13.48	  -1.0787100792
  13.49	  -1.0680980682
  13.50	  -1.0570566654
  13.51	  -1.0455884933
  13.52	  -1.0336964130
  13.53	  -1.0213832855
  13.54	  -1.0086522102
  13.55	  -0.9955066442
  13.56	  -0.9819499254
  13.57	  -0.9679857492
  13.58	  -0.9536178708
  13.59	  -0.9388504624
  13.60	  -0.9236876369
  13.61	  -0.9081339240
  13.62	  -0.8921938539
  13.63	  -0.8758723736
  13.64	  -0.8591745496
  13.65	  -0.8421056271
  13.66	  -0.8246710896
  13.67	  -0.8068767786
  13.68	  -0.7887286544
  13.69	  -0.7702328563
  13.70	  -0.7513958812
  13.71	  -0.7322244048
  13.72	  -0.7127253413
  13.73	  -0.6929059029
  13.74	  -0.6727734208
  13.75	  -0.6523355842
  13.76	  -0.6316003203
  13.77	  -0.6105757356
  13.78	  -0.5892702341
  13.79	  -0.5676923990
  13.80	  -0.5458511114
  13.81	  -0.5237554312
  13.82	  -0.5014146566
  13.83	  -0.4788383842
  13.84	  -0.4560363293
  13.85	  -0.4330185056
  13.86	  -0.4097950459
  13.87	  -0.3863763809
  13.88	  -0.3627730608
  13.89	  -0.3389958441
  13.90	  -0.3150556982
  13.91	  -0.2909637094
  13.92	  -0.2667311430
  13.93	  -0.2423694432
  13.94	  -0.2178901285
  13.95	  -0.1933048815
  13.96	  -0.1686255187
  13.97	  -0.1438639164
  13.98	  -0.1190320626
  13.99	  -0.0941420272
  14.00	  -0.0692059249
  14.01	  -0.0442359336
  14.02	  -0.0192442797
  14.03	  0.0057568047
  14.04	  0.0307550672
  14.05	  0.0557382628
  14.06	  0.0806941614
  14.07	  0.1056105644
  14.08	  0.1304753125
  14.09	  0.1552763134
  14.10	  0.1800015271
  14.11	  0.2046390176
  14.12	  0.2291769236
  14.13	  0.2536035180
  14.14	  0.2779071927
  14.15	  0.3020764291
  14.16	  0.3260998726
  14.17	  0.3499663770
  14.18	  0.3736648560
  14.19	  0.3971844614
  14.20	  0.4205145240
  14.21	  0.4436445832
  14.22	  0.4665642977
  14.23	  0.4892635942
  14.24	  0.5117326379
  14.25	  0.5339616537
  14.26	  0.5559413433
  14.27	  0.5776624680
  14.28	  0.5991159678
  14.29	  0.6202931404
  14.30	  0.6411855221
  14.31	  0.6617848277
  14.32	  0.6820830107
  14.33	  0.7020722628
  14.34	  0.7217450738
  14.35	  0.7410941720
  14.36	  0.7601124644
  14.37	  0.7787930965
  14.38	  0.7971296310
  14.39	  0.8151155710
  14.40	  0.8327448964
  14.41	  0.8500117660
  14.42	  0.8669104576
  14.43	  0.8834356666
  14.44	  0.8995820880
  14.45	  0.9153448343
  14.46	  0.9307190776
  14.47	  0.9457003474
  14.48	  0.9602842927
  14.49	  0.9744667411
  14.50	  0.9882437587
  14.51	  1.0016115904
  14.52	  1.0145666599
  14.53	  1.0271056890
  14.54	  1.0392252207
  14.55	  1.0509225130
  14.56	  1.0621944666
  14.57	  1.0730384588
  14.58	  1.0834518671
  14.59	  1.0934324265
  14.60	  1.1029776335
  14.61	  1.1120855808
  14.62	  1.1207541227
  14.63	  1.1289814711
  14.64	  1.1367659569
  14.65	  1.1441057920
  14.66	  1.1509995461
  14.67	  1.1574459076
  14.68	  1.1634434462
  14.69	  1.1689912081
  14.70	  1.1740878820
  14.71	  1.1787326336
  14.72	  1.1829246283
  14.73	  1.1866629124
  14.74	  1.1899470091
  14.75	  1.1927762032
  14.76	  1.1951498985
  14.77	  1.1970678568
  14.78	  1.1985296011
  14.79	  1.1995348930
  14.80	  1.2000836134
  14.81	  1.2001756430
  14.82	  1.1998108625
  14.83	  1.1989895105
  14.84	  1.1977115870
  14.85	  1.1959773302
  14.86	  1.1937870979
  14.87	  1.1911413670
  14.88	  1.1880403757
  14.89	  1.1844849586
  14.90	  1.1804757118
  14.91	  1.1760132313
  14.92	  1.1710983515
  14.93	  1.1657322645
  14.94	  1.1599156857
  14.95	  1.1536500454
  14.96	  1.1469362974
  14.97	  1.1397759914
  14.98	  1.1321704388
  14.99	  1.1241213083
  15.00	  1.1156301498
  15.01	  1.1066989899
  15.02	  1.0973296165
  15.03	  1.0875241756
  15.04	  1.0772848129
  15.05	  1.0666140318
  15.06	  1.0555140972
  15.07	  1.0439878702
  15.08	  1.0320379734
  15.09	  1.0196676254
  15.10	  1.0068796873
  15.11	  0.9936776757
  15.12	  0.9800650477
  15.13	  0.9660454392
  15.14	  0.9516227245
  15.15	  0.9368010163
  15.16	  0.9215844870
  15.17	  0.9059776664
  15.18	  0.8899852037
  15.19	  0.8736119866
  15.20	  0.8568630815
  15.21	  0.8397438526
  15.22	  0.8222598433
  15.23	  0.8044167757
  15.24	  0.7862207294
  15.25	  0.7676779032
  15.26	  0.7487948537
  15.27	  0.7295781374
  15.28	  0.7100348473
  15.29	  0.6901721954
  15.30	  0.6699975133
  15.31	  0.6495185494
  15.32	  0.6287432909
  15.33	  0.6076797843
  15.34	  0.5863365531
  15.35	  0.5647221208
  15.36	  0.5428455472
  15.37	  0.5207157731
  15.38	  0.4983422756
  15.39	  0.4757345617
  15.40	  0.4529024363
  15.41	  0.4298558831
  15.42	  0.4066051245
  15.43	  0.3831605911
  15.44	  0.3595328629
  15.45	  0.3357327282
  15.46	  0.3117711544
  15.47	  0.2876592875
  15.48	  0.2634083927
  15.49	  0.2390299141
  15.50	  0.2145354301
  15.51	  0.1899366379
  15.52	  0.1652453244
  15.53	  0.1404734105
  15.54	  0.1156328842
  15.55	  0.0907358304
  15.56	  0.0657943785
  15.57	  0.0408207066
  15.58	  0.0158270411
  15.59	  -0.0091743805
  15.60	  -0.0341713056
  15.61	  -0.0591514930
  15.62	  -0.0841027126
  15.63	  -0.1090127677
  15.64	  -0.1338695139
  15.65	  -0.1586608589
  15.66	  -0.1833747923
  15.67	  -0.2079993635
  15.68	  -0.2325227559
  15.69	  -0.2569332421
  15.70	  -0.2812191844
  15.71	  -0.3053691685
  15.72	  -0.3293718100
  15.73	  -0.3532159925
  15.74	  -0.3768906593
  15.75	  -0.4003849924
  15.76	  -0.4236883223
  15.77	  -0.4467902184
  15.78	  -0.4696803987
  15.79	  -0.4923487902
  15.80	  -0.5147855878
  15.81	  -0.5369811058
  15.82	  -0.5589259863
  15.83	  -0.5806110501
  15.84	  -0.6020272970
  15.85	  -0.6231660247
  15.86	  -0.6440188289
  15.87	  -0.6645774245
  15.88	  -0.6848338246
  15.89	  -0.7047802806
  15.90	  -0.7244092822
  15.91	  -0.7437135577
  15.92	  -0.7626860738
  15.93	  -0.7813200951
  15.94	  -0.7996090055
  15.95	  -0.8175466061
  15.96	  -0.8351266980
  15.97	  -0.8523435593
  15.98	  -0.8691915274
  15.99	  -0.8856652379
  16.00	  -0.9017595053
  16.01	  -0.9174694419
  16.02	  -0.9327902198
  16.03	  -0.9477174282
  16.04	  -0.9622467160
  16.05	  -0.9763739705
  16.06	  -0.9900953174
  16.07	  -1.0034068823
  16.08	  -1.0163053274
  16.09	  -1.0287871361
  16.10	  -1.0408492088
  16.11	  -1.0524884462
  16.12	  -1.0637021065
  16.13	  -1.0744873285
  16.14	  -1.0848417282
  16.15	  -1.0947629213
  16.16	  -1.1042485237
  16.17	  -1.1132965088
  16.18	  -1.1219048500
  16.19	  -1.1300717592
  16.20	  -1.1377955675
  16.21	  -1.1450744867
  16.22	  -1.1519072056
  16.23	  -1.1582921743
  16.24	  -1.1642284393
  16.25	  -1.1697144508
  16.26	  -1.1747494936
  16.27	  -1.1793323755
  16.28	  -1.1834623814
  16.29	  -1.1871386766
  16.30	  -1.1903605461
  16.31	  -1.1931275129
  16.32	  -1.1954389811
  16.33	  -1.1972945929
  16.34	  -1.1986939907
  16.35	  -1.1996369362
  16.36	  -1.2001231909
  16.37	  -1.2001527548
  16.38	  -1.1997255087
  16.39	  -1.1988416910
  16.40	  -1.1975014210
  16.41	  -1.1957048178
  16.42	  -1.1934523582
  16.43	  -1.1907442808
  16.44	  -1.1875811815
  16.45	  -1.1839636564
  16.46	  -1.1798924208
  16.47	  -1.1753680706
  16.48	  -1.1703914404
  16.49	  -1.1649637222
  16.50	  -1.1590857506
  16.51	  -1.1527587175
  16.52	  -1.1459838152
  16.53	  -1.1387625933
  16.54	  -1.1310962439
  16.55	  -1.1229866743
  16.56	  -1.1144353151
  16.57	  -1.1054440737
  16.58	  -1.0960149765
  16.59	  -1.0861500502
  16.60	  -1.0758516788
  16.61	  -1.0651220083
  16.62	  -1.0539636612
  16.63	  -1.0423792601
  16.64	  -1.0303717852
  16.65	  -1.0179440975
  16.66	  -1.0050994158
  16.67	  -0.9918410778
  16.68	  -0.9781726003
  16.69	  -0.9640976191
  16.70	  -0.9496201277
  16.71	  -0.9347441792
  16.72	  -0.9194740653
  16.73	  -0.9038142562
  16.74	  -0.8877694011
  16.75	  -0.8713445067
  16.76	  -0.8545446992
  16.77	  -0.8373752832
  16.78	  -0.8198418021
  16.79	  -0.8019501567
  16.80	  -0.7837063670
  16.81	  -0.7651166320
  16.82	  -0.7461875081
  16.83	  -0.7269257903
  16.84	  -0.7073384523
  16.85	  -0.6874326468
  16.86	  -0.6672159433
  16.87	  -0.6466959715
  16.88	  -0.6258808374
  16.89	  -0.6047785878
  16.90	  -0.5833977461
  16.91	  -0.5617470145
  16.92	  -0.5398352146
  16.93	  -0.5176716447
  16.94	  -0.4952655137
  16.95	  -0.4726265371
  16.96	  -0.4497644901
  16.97	  -0.4266894460
  16.98	  -0.4034115672
  16.99	  -0.3799413741
  17.00	  -0.3562894166
  17.01	  -0.3324665725
  17.02	  -0.3084838092
  17.03	  -0.2843522429
  17.04	  -0.2600832582
  17.05	  -0.2356882393
  17.06	  -0.2111787945
  17.07	  -0.1865666509
  17.08	  -0.1618636101
  17.09	  -0.1370816082
  17.10	  -0.1122326478
  17.11	  -0.0873288065
  17.12	  -0.0623822324
  17.13	  -0.0374051072
  17.14	  -0.0124096572
  17.15	  0.0125918733
  17.16	  0.0375872329
  17.17	  0.0625641793
  17.18	  0.0875104889
  17.19	  0.1124139726
  17.20	  0.1372624934
  17.21	  0.1620439589
  17.22	  0.1867463738
  17.23	  0.2113578171
  17.24	  0.2358664572
  17.25	  0.2602606118
  17.26	  0.2845286429
  17.27	  0.3086591363
  17.28	  0.3326407969
  17.29	  0.3564624488
  17.30	  0.3801130950
  17.31	  0.4035819471
  17.32	  0.4268583655
  17.33	  0.4499319196
  17.34	  0.4727923572
  17.35	  0.4954296947
  17.36	  0.5178340673
  17.37	  0.5399958491
  17.38	  0.5619057417
  17.39	  0.5835545659
  17.40	  0.6049333811
  17.41	  0.6260335445
  17.42	  0.6468466520
  17.43	  0.6673643589
  17.44	  0.6875788569
  17.45	  0.7074823380
  17.46	  0.7270673513
  17.47	  0.7463266850
  17.48	  0.7652533650
  17.49	  0.7838405967
  17.50	  0.8020818830
  17.51	  0.8199709058
  17.52	  0.8375017047
  17.53	  0.8546684980
  17.54	  0.8714656234
  17.55	  0.8878877163
  17.56	  0.9039297700
  17.57	  0.9195867777
  17.58	  0.9348540306
  17.59	  0.9497271180
  17.60	  0.9642016888
  17.61	  0.9782736897
  17.62	  0.9919391870
  17.63	  1.0051945448
  17.64	  1.0180362463
  17.65	  1.0304608345
  17.66	  1.0424652100
  17.67	  1.0540465117
  17.68	  1.0652017593
  17.69	  1.0759282112
  17.70	  1.0862236023
  17.71	  1.0960853100
  17.72	  1.1055111885
  17.73	  1.1144992113
  17.74	  1.1230473518
  17.75	  1.1311537027
  17.76	  1.1388168335
  17.77	  1.1460348368
  17.78	  1.1528064013
  17.79	  1.1591302156
  17.80	  1.1650048494
  17.81	  1.1704293489
  17.82	  1.1754026413
  17.83	  1.1799236536
  17.84	  1.1839916706
  17.85	  1.1876059771
  17.86	  1.1907657385
  17.87	  1.1934703588
  17.88	  1.1957195997
  17.89	  1.1975128651
  17.90	  1.1988497972
  17.91	  1.1997302771
  17.92	  1.2001541853
  17.93	  1.2001212835
  17.94	  1.1996316910
  17.95	  1.1986854076
  17.96	  1.1972827911
  17.97	  1.1954238415
  17.98	  1.1931090355
  17.99	  1.1903387308
  18.00	  1.1871135235
  18.01	  1.1834338903
  18.02	  1.1793006659
  18.03	  1.1747144461
  18.04	  1.1696761847
  18.05	  1.1641867161
  18.06	  1.1582473516
  18.07	  1.1518589258
  18.08	  1.1450229883
  18.09	  1.1377408504
  18.10	  1.1300138235
  18.11	  1.1218436956
  18.12	  1.1132321358
  18.13	  1.1041809320
  18.14	  1.0946921110
  18.15	  1.0847678185
  18.16	  1.0744103193
  18.17	  1.0636218786
  18.18	  1.0524051189
  18.19	  1.0407627821
  18.20	  1.0286977291
  18.21	  1.0162128210
  18.22	  1.0033113956
  18.23	  0.9899967909
  18.24	  0.9762725234
  18.25	  0.9621422887
  18.26	  0.9476100802
  18.27	  0.9326800108
  18.28	  0.9173563123
  18.29	  0.9016435742
  18.30	  0.8855465055
  18.31	  0.8690701127
  18.32	  0.8522194028
  18.33	  0.8349998593
  18.34	  0.8174171448
  18.35	  0.7994769812
  18.36	  0.7811855078
  18.37	  0.7625489831
  18.38	  0.7435740232
  18.39	  0.7242673635
  18.40	  0.7046360373
  18.41	  0.6846873164
  18.42	  0.6644286513
  18.43	  0.6438679099
  18.44	  0.6230130196
  18.45	  0.6018722057
  18.46	  0.5804539323
  18.47	  0.5587669611
  18.48	  0.5368202329
  18.49	  0.5146229267
  18.50	  0.4921844006
  18.51	  0.4695143700
  18.52	  0.4466226101
  18.53	  0.4235191941
  18.54	  0.4002144337
  18.55	  0.3767187297
  18.56	  0.3530428112
  18.57	  0.3291974366
  18.58	  0.3051936626
  18.59	  0.2810426652
  18.60	  0.2567557395
  18.61	  0.2323444039
  18.62	  0.2078202367
  18.63	  0.1831949651
  18.64	  0.1584804356
  18.65	  0.1336885691
  18.66	  0.1088313907
  18.67	  0.0839209855
  18.68	  0.0589695126
  18.69	  0.0339891613
  18.70	  0.0089921597
  18.71	  -0.0160092507
  18.72	  -0.0410028137
  18.73	  -0.0659762919
  18.74	  -0.0909174681
  18.75	  -0.1158141568
  18.76	  -0.1406542212
  18.77	  -0.1654255837
  18.78	  -0.1901162714
  18.79	  -0.2147143483
  18.80	  -0.2392080426
  18.81	  -0.2635856271
  18.82	  -0.2878355384
  18.83	  -0.3119463623
  18.84	  -0.3359067738
  18.85	  -0.3597056866
  18.86	  -0.3833321333
  18.87	  -0.4067752957
  18.88	  -0.4300245941
  18.89	  -0.4530696273
  18.90	  -0.4759001732
  18.91	  -0.4985062182
  18.92	  -0.5208779573
  18.93	  -0.5430058837
  18.94	  -0.5648806691
  18.95	  -0.5864930749
  18.96	  -0.6078343391
  18.97	  -0.6288957596
  18.98	  -0.6496689320
  18.99	  -0.6701456904
  19.00	  -0.6903181076
  19.01	  -0.7101784945
  19.02	  -0.7297194004
  19.03	  -0.7489336729
  19.04	  -0.7678143382
  19.05	  -0.7863546014
  19.06	  -0.8045481443
  19.07	  -0.8223885894
  19.08	  -0.8398699760
  19.09	  -0.8569865227
  19.10	  -0.8737326860
  19.11	  -0.8901031613
  19.12	  -0.9060928226
  19.13	  -0.9216968417
  19.14	  -0.9369104505
  19.15	  -0.9517292976
  19.16	  -0.9661490917
  19.17	  -0.9801657200
  19.18	  -0.9937754273
  19.19	  -1.0069744587
  19.20	  -1.0197592974
  19.21	  -1.0321266651
  19.22	  -1.0440733433
  19.23	  -1.0555965900
  19.24	  -1.0666933060
  19.25	  -1.0773611069
  19.26	  -1.0875972509
  19.27	  -1.0973994732
  19.28	  -1.1067657471
  19.29	  -1.1156936884
  19.30	  -1.1241815090
  19.31	  -1.1322274208
  19.32	  -1.1398297548
  19.33	  -1.1469868422
  19.34	  -1.1536972523
  19.35	  -1.1599597931
  19.36	  -1.1657730341
  19.37	  -1.1711359024
  19.38	  -1.1760473251
  19.39	  -1.1805064678
  19.40	  -1.1845124960
  19.41	  -1.1880646944
  19.42	  -1.1911622286
  19.43	  -1.1938047409
  19.44	  -1.1959916353
  19.45	  -1.1977225542
  19.46	  -1.1989971399
  19.47	  -1.1998151541
  19.48	  -1.2001765966
  19.49	  -1.2000813484
  19.50	  -1.1995292902
  19.51	  -1.1985206604
  19.52	  -1.1970555782
  19.53	  -1.1951342821
  19.54	  -1.1927572489
  19.55	  -1.1899247169
  19.56	  -1.1866374016
  19.57	  -1.1828956604
  19.58	  -1.1787004471
  19.59	  -1.1740523577
  19.60	  -1.1689523458
  19.61	  -1.1634013653
  19.62	  -1.1574004889
  19.63	  -1.1509509087
  19.64	  -1.1440539360
  19.65	  -1.1367107630
  19.66	  -1.1289231777
  19.67	  -1.1206926107
  19.68	  -1.1120207310
  19.69	  -1.1029096842
  19.70	  -1.0933612585
  19.71	  -1.0833775997
  19.72	  -1.0729609728
  19.73	  -1.0621138811
  19.74	  -1.0508388281
  19.75	  -1.0391384363
  19.76	  -1.0270158052
  19.77	  -1.0144737959
  19.78	  -1.0015156269
  19.79	  -0.9881448150
  19.80	  -0.9743648171
  19.81	  -0.9601794481
  19.82	  -0.9455925822
  19.83	  -0.9306084514
  19.84	  -0.9152313471
  19.85	  -0.8994657993
  19.86	  -0.8833165765
  19.87	  -0.8667886257
  19.88	  -0.8498872519
  19.89	  -0.8326177001
  19.90	  -0.8149857521
  19.91	  -0.7969971895
  19.92	  -0.7786582112
  19.93	  -0.7599750161
  19.94	  -0.7409543395
  19.95	  -0.7216028571
  19.96	  -0.7019277215
  19.97	  -0.6819361448
  19.98	  -0.6616357565
  19.99	  -0.6410343051
  20.00	  -0.6201398373
  20.01	  -0.5989605784
  20.02	  -0.5775051117
  20.03	  -0.5557820797
  20.04	  -0.5338005424
  20.05	  -0.5115696788
  20.06	  -0.4890989661
  20.07	  -0.4663980305
  20.08	  -0.4434767365
  20.09	  -0.4203452170
  20.10	  -0.3970137239
  20.11	  -0.3734927475
  20.12	  -0.3497930169
  20.13	  -0.3259253502
  20.14	  -0.3019007742
  20.15	  -0.2777305245
  20.16	  -0.2534259260
  20.17	  -0.2289984673
  20.18	  -0.2044597864
  20.19	  -0.1798216105
  20.20	  -0.1550958008
  20.21	  -0.1302942932
  20.22	  -0.1054291353
  20.23	  -0.0805123970
  20.24	  -0.0555562563
  20.25	  -0.0305729080
  20.26	  -0.0055745794
  20.27	  0.0194264799
  20.28	  0.0444180220
  20.29	  0.0693878084
  20.30	  0.0943236127
  20.31	  0.1192132756
  20.32	  0.1440446675
  20.33	  0.1688057035
  20.34	  0.1934844255
  20.35	  0.2180689424
  20.36	  0.2425474375
  20.37	  0.2669082582
  20.38	  0.2911398113
  20.39	  0.3152307570
  20.40	  0.3391697407
  20.41	  0.3629457355
  20.42	  0.3865477443
  20.43	  0.4099650383
  20.44	  0.4331870079
  20.45	  0.4562033117
  20.46	  0.4790037572
  20.47	  0.5015783310
  20.48	  0.5239173770
  20.49	  0.5460112095
  20.50	  0.5678506494
  20.51	  0.5894265175
  20.52	  0.6107299924
  20.53	  0.6317524910
  20.54	  0.6524856687
  20.55	  0.6729212403
  20.56	  0.6930514574
  20.57	  0.7128686309
  20.58	  0.7323653102
  20.59	  0.7515344024
  20.60	  0.7703689337
  20.61	  0.7888621688
  20.62	  0.8070077896
  20.63	  0.8247994781
  20.64	  0.8422313333
  20.65	  0.8592975736
  20.66	  0.8759927154
  20.67	  0.8923114538
  20.68	  0.9082486629
  20.69	  0.9237995744
  20.70	  0.9389595389
  20.71	  0.9537240863
  20.72	  0.9680889845
  20.73	  0.9820502400
  20.74	  0.9956039786
  20.75	  1.0087465048
  20.76	  1.0214744806
  20.77	  1.0337846279
  20.78	  1.0456736088
  20.79	  1.0571386814
  20.80	  1.0681769848
  20.81	  1.0787857771
  20.82	  1.0889627934
  20.83	  1.0987056494
  20.84	  1.1080119610
  20.85	  1.1168799400
  20.86	  1.1253074408
  20.87	  1.1332929134
  20.88	  1.1408343315
  20.89	  1.1479305029
  20.90	  1.1545797586
  20.91	  1.1607809067
  20.92	  1.1665326357
  20.93	  1.1718338728
  20.94	  1.1766836643
  20.95	  1.1810809374
  20.96	  1.1850248575
  20.97	  1.1885149479
  20.98	  1.1915503740
  20.99	  1.1941305399
  21.00	  1.1962550879
  21.01	  1.1979236603
  21.02	  1.1991358995
  21.03	  1.1998915672
  21.04	  1.2001905441
  21.05	  1.2000328302
  21.06	  1.1994183064
  21.07	  1.1983473301
  21.08	  1.1968197823
  21.09	  1.1948362589
  21.10	  1.1923968792
  21.11	  1.1895022392
  21.12	  1.1861526966
  21.13	  1.1823489666
  21.14	  1.1780917645
  21.15	  1.1733819246
  21.16	  1.1682201624
  21.17	  1.1626076698
  21.18	  1.1565454006
  21.19	  1.1500345469
  21.20	  1.1430764198
  21.21	  1.1356724501
  21.22	  1.1278241873
  21.23	  1.1195331812
  21.24	  1.1108012199
  21.25	  1.1016302109
  21.26	  1.0920221806
  21.27	  1.0819791555
  21.28	  1.0715035200
  21.29	  1.0605977774
  21.30	  1.0492644310
  21.31	  1.0375062227
  21.32	  1.0253260136
  21.33	  1.0127269030
  21.34	  0.9997122288
  21.35	  0.9862852097
  21.36	  0.9724496007
  21.37	  0.9582090974
  21.38	  0.9435676932
  21.39	  0.9285295606
  21.40	  0.9130990505
  21.41	  0.8972808123
  21.42	  0.8810794950
  21.43	  0.8645002246
  21.44	  0.8475481868
  21.45	  0.8302287459
  21.46	  0.8125477433
  21.47	  0.7945109010
  21.48	  0.7761244774
  21.49	  0.7573947906
  21.50	  0.7383284569
  21.51	  0.7189322710
  21.52	  0.6992134452
  21.53	  0.6791792512
  21.54	  0.6588372588
  21.55	  0.6381952763
  21.56	  0.6172613502
  21.57	  0.5960438251
  21.58	  0.5745512843
  21.59	  0.5527923703
  21.60	  0.5307762027
  21.61	  0.5085120201
  21.62	  0.4860092402
  21.63	  0.4632775784
  21.64	  0.4403269589
  21.65	  0.4171674848
  21.66	  0.3938094676
  21.67	  0.3702634275
  21.68	  0.3465400934
  21.69	  0.3226503134
  21.70	  0.2986051738
  21.71	  0.2744158804
  21.72	  0.2500938177
  21.73	  0.2256504595
  21.74	  0.2010974884
  21.75	  0.1764466316
  21.76	  0.1517097652
  21.77	  0.1268988401
  21.78	  0.1020259112
  21.79	  0.0771030709
  21.80	  0.0521424934
  21.81	  0.0271563735
  21.82	  0.0021569487
  21.83	  -0.0228435323
  21.84	  -0.0478328206
  21.85	  -0.0727986842
  21.86	  -0.0977289006
  21.87	  -0.1226113141
  21.88	  -0.1474337876
  21.89	  -0.1721842885
  21.90	  -0.1968508363
  21.91	  -0.2214215398
  21.92	  -0.2458846420
  21.93	  -0.2702284753
  21.94	  -0.2944414914
  21.95	  -0.3185122907
  21.96	  -0.3424296677
  21.97	  -0.3661825061
  21.98	  -0.3897598982
  21.99	  -0.4131511152
  22.00	  -0.4363456070
  22.01	  -0.4593330026
  22.02	  -0.4821031392
  22.03	  -0.5046461225
  22.04	  -0.5269521475
  22.05	  -0.5490117669
  22.06	  -0.5708156824
  22.07	  -0.5923548937
  22.08	  -0.6136204600
  22.09	  -0.6346039176
  22.10	  -0.6552968025
  22.11	  -0.6756911278
  22.12	  -0.6957790256
  22.13	  -0.7155528069
  22.14	  -0.7350051403
  22.15	  -0.7541288733
  22.16	  -0.7729171515
  22.17	  -0.7913632393
  22.18	  -0.8094608188
  22.19	  -0.8272036910
  22.20	  -0.8445858955
  22.21	  -0.8616017699
  22.22	  -0.8782457113
  22.23	  -0.8945125937
  22.24	  -0.9103972912
  22.25	  -0.9258950353
  22.26	  -0.9410011768
  22.27	  -0.9557113647
  22.28	  -0.9700213075
  22.29	  -0.9839270711
  22.30	  -0.9974248409
  22.31	  -1.0105109215
  22.32	  -1.0231819153
  22.33	  -1.0354346037
  22.34	  -1.0472658873
  22.35	  -1.0586727858
  22.36	  -1.0696525574
  22.37	  -1.0802024603
  22.38	  -1.0903202295
  22.39	  -1.1000036001
  22.40	  -1.1092500687
  22.41	  -1.1180579662
  22.42	  -1.1264251471
  22.43	  -1.1343499422
  22.44	  -1.1418306828
  22.45	  -1.1488658190
  22.46	  -1.1554539204
  22.47	  -1.1615936756
  22.48	  -1.1672838926
  22.49	  -1.1725234985
  22.50	  -1.1773114204
  22.51	  -1.1816468239
  22.52	  -1.1855287552
  22.53	  -1.1889567375
  22.54	  -1.1919299364
  22.55	  -1.1944478750
  22.56	  -1.1965100765
  22.57	  -1.1981163025
  22.58	  -1.1992660761
  22.59	  -1.1999593973
  22.60	  -1.2001959085
  22.61	  -1.1999757290
  22.62	  -1.1992988586
  22.63	  -1.1981654167
  22.64	  -1.1965756416
  22.65	  -1.1945296526
  22.66	  -1.1920280457
  22.67	  -1.1890711784
  22.68	  -1.1856595278
  22.69	  -1.1817938089
  22.70	  -1.1774746180
  22.71	  -1.1727029085
  22.72	  -1.1674795151
  22.73	  -1.1618053913
  22.74	  -1.1556817293
  22.75	  -1.1491097212
  22.76	  -1.1420905590
  22.77	  -1.1346257925
  22.78	  -1.1267168522
  22.79	  -1.1183655262
  22.80	  -1.1095734835
  22.81	  -1.1003425121
  22.82	  -1.0906748772
  22.83	  -1.0805727243
  22.84	  -1.0700380802
  22.85	  -1.0590738058
  22.86	  -1.0476821661
  22.87	  -1.0358660221
  22.88	  -1.0236284733
  22.89	  -1.0109723806
  22.90	  -0.9979010820
  22.91	  -0.9844179749
  22.92	  -0.9705268145
  22.93	  -0.9562312365
  22.94	  -0.9415353537
  22.95	  -0.9264433384
  22.96	  -0.9109595418
  22.97	  -0.8950886726
  22.98	  -0.8788353801
  22.99	  -0.8622048497
  23.00	  -0.8452022672
  23.01	  -0.8278330564
  23.02	  -0.8101030588
  23.03	  -0.7920180559
  23.04	  -0.7735843062
  23.05	  -0.7548081875
  23.06	  -0.7356963754
  23.07	  -0.7162557244
  23.08	  -0.6964933276
  23.09	  -0.6764165759
  23.10	  -0.6560330987
  23.11	  -0.6353507638
  23.12	  -0.6143775582
  23.13	  -0.5931219459
  23.14	  -0.5715924501
  23.15	  -0.5497978330
  23.16	  -0.5277472138
  23.17	  -0.5054498315
  23.18	  -0.4829152226
  23.19	  -0.4601530433
  23.20	  -0.4371732771
  23.21	  -0.4139860272
  23.22	  -0.3906016946
  23.23	  -0.3670307994
  23.24	  -0.3432840407
  23.25	  -0.3193723857
  23.26	  -0.2953068614
  23.27	  -0.2710987628
  23.28	  -0.2467594296
  23.29	  -0.2223003954
  23.30	  -0.1977333426
  23.31	  -0.1730700284
  23.32	  -0.1483223438
  23.33	  -0.1235022321
  23.34	  -0.0986217633
  23.35	  -0.0736930445
  23.36	  -0.0487282500
  23.37	  -0.0237395894
  23.38	  0.0012607020
  23.39	  0.0262603760
  23.40	  0.0512471832
  23.41	  0.0762088895
  23.42	  0.1011332944
  23.43	  0.1260082275
  23.44	  0.1508215815
  23.45	  0.1755613089
  23.46	  0.2002154440
  23.47	  0.2247721404
  23.48	  0.2492196113
  23.49	  0.2735462487
  23.50	  0.2977404892
  23.51	  0.3217909932
  23.52	  0.3456865251
  23.53	  0.3694160283
  23.54	  0.3929685950
  23.55	  0.4163335264
  23.56	  0.4395003021
  23.57	  0.4624586105
  23.58	  0.4851982594
  23.59	  0.5077094436
  23.60	  0.5299823284
  23.61	  0.5520075560
  23.62	  0.5737758279
  23.63	  0.5952780843
  23.64	  0.6165056229
  23.65	  0.6374498606
  23.66	  0.6581024528
  23.67	  0.6784552932
  23.68	  0.6985006928
  23.69	  0.7182309628
  23.70	  0.7376387715
  23.71	  0.7567170858
  23.72	  0.7754589319
  23.73	  0.7938578129
  23.74	  0.8119072914
  23.75	  0.8296011686
  23.76	  0.8469336629
  23.77	  0.8638989329
  23.78	  0.8804916739
  23.79	  0.8967066407
  23.80	  0.9125387073
  23.81	  0.9279831648
  23.82	  0.9430354834
  23.83	  0.9576911330
  23.84	  0.9719461203
  23.85	  0.9857963324
  23.86	  0.9992380142
  23.87	  1.0122675896
  23.88	  1.0248816013
  23.89	  1.0370768309
  23.90	  1.0488502979
  23.91	  1.0601989031
  23.92	  1.0711200237
  23.93	  1.0816111565
  23.94	  1.0916696787
  23.95	  1.1012933254
  23.96	  1.1104800701
  23.97	  1.1192277670
  23.98	  1.1275346279
  23.99	  1.1353987455
  24.00	  1.1428186893
  24.01	  1.1497927904
  24.02	  1.1563197374
  24.03	  1.1623980999
  24.04	  1.1680268049
  24.05	  1.1732046604
  24.06	  1.1779307127
  24.07	  1.1822042465
  24.08	  1.1860241890
  24.09	  1.1893899441
  24.10	  1.1923010349
  24.11	  1.1947566271
  24.12	  1.1967566013
  24.13	  1.1983003616
  24.14	  1.1993877888
  24.15	  1.2000186443
  24.16	  1.2001928091
  24.17	  1.1999101639
  24.18	  1.1991708279
  24.19	  1.1979750395
  24.20	  1.1963227987
  24.21	  1.1942145824
  24.22	  1.1916507483
  24.23	  1.1886316538
  24.24	  1.1851578951
  24.25	  1.1812300682
  24.26	  1.1768490076
  24.27	  1.1720155478
  24.28	  1.1667305231
  24.29	  1.1609948874
  24.30	  1.1548098326
  24.31	  1.1481765509
  24.32	  1.1410964727
  24.33	  1.1335709095
  24.34	  1.1256014109
  24.35	  1.1171896458
  24.36	  1.1083375216
  24.37	  1.0990468264
  24.38	  1.0893195868
  24.39	  1.0791580677
  24.40	  1.0685646534
  24.41	  1.0575417280
  24.42	  1.0460919142
  24.43	  1.0342180729
  24.44	  1.0219230652
  24.45	  1.0092099905
  24.46	  0.9960821867
  24.47	  0.9825431705
  24.48	  0.9685964584
  24.49	  0.9542459249
  24.50	  0.9394956231
  24.51	  0.9243497849
  24.52	  0.9088128209
  24.53	  0.8928893805
  24.54	  0.8765842319
  24.55	  0.8599025011
  24.56	  0.8428494930
  24.57	  0.8254306316
  24.58	  0.8076516986
  24.59	  0.7895187140
  24.60	  0.7710377574
  24.61	  0.7522153854
  24.62	  0.7330582142
  24.63	  0.7135730982
  24.64	  0.6937673092
  24.65	  0.6736481786
  24.66	  0.6532233953
  24.67	  0.6325007677
  24.68	  0.6114885211
  24.69	  0.5901949406
  24.70	  0.5686286688
  24.71	  0.5467985272
  24.72	  0.5247136354
  24.73	  0.5023832917
  24.74	  0.4798169434
  24.75	  0.4570244551
  24.76	  0.4340156913
  24.77	  0.4108009040
  24.78	  0.3873904347
  24.79	  0.3637948632
  24.80	  0.3400249183
  24.81	  0.3160915673
  24.82	  0.2920058966
  24.83	  0.2677791715
  24.84	  0.2434228063
  24.85	  0.2189483196
  24.86	  0.1943674088
  24.87	  0.1696918607
  24.88	  0.1449335515
  24.89	  0.1201044843
  24.90	  0.0952167064
  24.91	  0.0702823400
  24.92	  0.0453135632
  24.93	  0.0203225892
  24.94	  -0.0046783411
  24.95	  -0.0296769794
  24.96	  -0.0546610765
  24.97	  -0.0796184018
  24.98	  -0.1045367643
  24.99	  -0.1294039935
  25.00	  -0.1542079747
  25.01	  -0.1789367199
  25.02	  -0.2035782337
  25.03	  -0.2281206846
  25.04	  -0.2525523305
  25.05	  -0.2768615484
  25.06	  -0.3010368049
  25.07	  -0.3250667751
  25.08	  -0.3489402533
  25.09	  -0.3726462126
  25.10	  -0.3961737752
  25.11	  -0.4195122421
  25.12	  -0.4426511228
  25.13	  -0.4655801058
  25.14	  -0.4882891476
  25.15	  -0.5107682943
  25.16	  -0.5330079198
  25.17	  -0.5549985170
  25.18	  -0.5767309666
  25.19	  -0.5981962085
  25.20	  -0.6193854809
  25.21	  -0.6402903199
  25.22	  -0.6609024405
  25.23	  -0.6812137365
  25.24	  -0.7012164593
  25.25	  -0.7209030986
  25.26	  -0.7402663231
  25.27	  -0.7592989802
  25.28	  -0.7779943943
  25.29	  -0.7963458300
  25.30	  -0.8143470287
  25.31	  -0.8319919109
  25.32	  -0.8492745161
  25.33	  -0.8661891818
  25.34	  -0.8827306032
  25.35	  -0.8988934755
  25.36	  -0.9146728516
  25.37	  -0.9300640225
  25.38	  -0.9450623393
  25.39	  -0.9596634507
  25.40	  -0.9738633037
  25.41	  -0.9876579046
  25.42	  -1.0010434389
  25.43	  -1.0140163898
  25.44	  -1.0265734196
  25.45	  -1.0387111902
  25.46	  -1.0504267216
  25.47	  -1.0617170334
  25.48	  -1.0725795031
  25.49	  -1.0830116272
  25.50	  -1.0930107832
  25.51	  -1.1025749445
  25.52	  -1.1117017269
  25.53	  -1.1203893423
  25.54	  -1.1286357641
  25.55	  -1.1364393234
  25.56	  -1.1437983513
  25.57	  -1.1507114172
  25.58	  -1.1571770906
  25.59	  -1.1631940603
  25.60	  -1.1687611341
  25.61	  -1.1738773584
  25.62	  -1.1785416603
  25.63	  -1.1827530861
  25.64	  -1.1865110397
  25.65	  -1.1898146868
  25.66	  -1.1926635504
  25.67	  -1.1950569153
  25.68	  -1.1969945431
  25.69	  -1.1984759569
  25.70	  -1.1995010376
  25.71	  -1.2000694275
  25.72	  -1.2001811266
  25.73	  -1.1998360157
  25.74	  -1.1990343332
  25.75	  -1.1977760792
  25.76	  -1.1960614920
  25.77	  -1.1938910484
  25.78	  -1.1912648678
  25.79	  -1.1881835461
  25.80	  -1.1846476793
  25.81	  -1.1806579828
  25.82	  -1.1762150526
  25.83	  -1.1713197231
  25.84	  -1.1659730673
  25.85	  -1.1601759195
  25.86	  -1.1539295912
  25.87	  -1.1472351551
  25.88	  -1.1400940418
  25.89	  -1.1325076818
  25.90	  -1.1244776249
  25.91	  -1.1160055399
  25.92	  -1.1070933342
  25.93	  -1.0977427959
  25.94	  -1.0879561901
  25.95	  -1.0777354240
  25.96	  -1.0670831203
  25.97	  -1.0560017824
  25.98	  -1.0444937944
  25.99	  -1.0325621367
  26.00	  -1.0202097893
  26.01	  -1.0074398518
  26.02	  -0.9942556620
  26.03	  -0.9806606770
  26.04	  -0.9666585326
  26.05	  -0.9522531629
  26.06	  -0.9374485612
  26.07	  -0.9222489595
  26.08	  -0.9066588879
  26.09	  -0.8906829357
  26.10	  -0.8743260503
  26.11	  -0.8575932384
  26.12	  -0.8404898643
  26.13	  -0.8230214715
  26.14	  -0.8051937819
  26.15	  -0.7870128155
  26.16	  -0.7684848309
  26.17	  -0.7496162653
  26.18	  -0.7304138541
  26.19	  -0.7108845115
  26.20	  -0.6910354495
  26.21	  -0.6708741188
  26.22	  -0.6504080892
  26.23	  -0.6296454072
  26.24	  -0.6085941792
  26.25	  -0.5872628093
  26.26	  -0.5656599998
  26.27	  -0.5437944531
  26.28	  -0.5216754675
  26.29	  -0.4993122816
  26.30	  -0.4767144620
  26.31	  -0.4538917840
  26.32	  -0.4308542907
  26.33	  -0.4076121449
  26.34	  -0.3841757178
  26.35	  -0.3605556786
  26.36	  -0.3367627561
  26.37	  -0.3128079176
  26.38	  -0.2887023091
  26.39	  -0.2644571662
  26.40	  -0.2400839776
  26.41	  -0.2155942470
  26.42	  -0.1909997016
  26.43	  -0.1663121432
  26.44	  -0.1415434629
  26.45	  -0.1167056486
  26.46	  -0.0918107778
  26.47	  -0.0668709949
  26.48	  -0.0418984592
  26.49	  -0.0169054028
  26.50	  0.0080959378
  26.51	  0.0330933109
  26.52	  0.0580744706
  26.53	  0.0830271915
  26.54	  0.1079392731
  26.55	  0.1327985674
  26.56	  0.1575929821
  26.57	  0.1823104918
  26.58	  0.2069391757
  26.59	  0.2314671725
  26.60	  0.2558827698
  26.61	  0.2801743150
  26.62	  0.3043304086
  26.63	  0.3283396363
  26.64	  0.3521908820
  26.65	  0.3758730888
  26.66	  0.3993754089
  26.67	  0.4226872027
  26.68	  0.4457980096
  26.69	  0.4686975181
  26.70	  0.4913757145
  26.71	  0.5138226748
  26.72	  0.5360288024
  26.73	  0.5579847097
  26.74	  0.5796810985
  26.75	  0.6011091471
  26.76	  0.6222600341
  26.77	  0.6431253552
  26.78	  0.6636968255
  26.79	  0.6839663982
  26.80	  0.7039263844
  26.81	  0.7235692143
  26.82	  0.7428876162
  26.83	  0.7618746161
  26.84	  0.7805233598
  26.85	  0.7988272905
  26.86	  0.8167801499
  26.87	  0.8343758583
  26.88	  0.8516084552
  26.89	  0.8684724569
  26.90	  0.8849624395
  26.91	  0.9010731578
  26.92	  0.9167997837
  26.93	  0.9321374893
  26.94	  0.9470817447
  26.95	  0.9616282582
  26.96	  0.9757729769
  26.97	  0.9895118475
  26.98	  1.0028412342
  26.99	  1.0157575607
  27.00	  1.0282573700
  27.01	  1.0403375626
  27.02	  1.0519951582
  27.03	  1.0632271767
  27.04	  1.0740309954
  27.05	  1.0844041109
  27.06	  1.0943439007
  27.07	  1.1038483381
  27.08	  1.1129152775
  27.09	  1.1215426922
  27.10	  1.1297286749
  27.11	  1.1374715567
  27.12	  1.1447696686
  27.13	  1.1516216993
  27.14	  1.1580260992
  27.15	  1.1639815569
  27.16	  1.1694871187
  27.17	  1.1745415926
  27.18	  1.1791440248
  27.19	  1.1832935810
  27.20	  1.1869894266
  27.21	  1.1902309656
  27.22	  1.1930176020
  27.23	  1.1953487396
  27.24	  1.1972240210
  27.25	  1.1986430883
  27.26	  1.1996055841
  27.27	  1.2001116276
  27.28	  1.2001608610
  27.29	  1.1997534037
  27.30	  1.1988892555
  27.31	  1.1975686550
  27.32	  1.1957917213
  27.33	  1.1935589314
  27.34	  1.1908705235
  27.35	  1.1877270937
  27.36	  1.1841291189
  27.37	  1.1800773144
  27.38	  1.1755725145
  27.39	  1.1706154346
  27.40	  1.1652071476
  27.41	  1.1593484879
  27.42	  1.1530408859
  27.43	  1.1462852955
  27.44	  1.1390832663
  27.45	  1.1314361095
  27.46	  1.1233456135
  27.47	  1.1148132086
  27.48	  1.1058409214
  27.49	  1.0964307785
  27.50	  1.0865845680
  27.51	  1.0763047934
  27.52	  1.0655936003
  27.53	  1.0544537306
  27.54	  1.0428876877
  27.55	  1.0308984518
  27.56	  1.0184887648
  27.57	  1.0056620836
  27.58	  0.9924214482
  27.59	  0.9787706137
  27.60	  0.9647130966
  27.61	  0.9502528906
  27.62	  0.9353940487
  27.63	  0.9201408029
  27.64	  0.9044976830
  27.65	  0.8884693980
  27.66	  0.8720607758
  27.67	  0.8552770019
  27.68	  0.8381234407
  27.69	  0.8206055760
  27.70	  0.8027292490
  27.71	  0.7845004797
  27.72	  0.7659255862
  27.73	  0.7470109463
  27.74	  0.7277634144
  27.75	  0.7081899643
  27.76	  0.6882977486
  27.77	  0.6680942774
  27.78	  0.6475872993
  27.79	  0.6267846823
  27.80	  0.6056946516
  27.81	  0.5843256712
  27.82	  0.5626863837
  27.83	  0.5407856703
  27.84	  0.5186327100
  27.85	  0.4962368906
  27.86	  0.4736077487
  27.87	  0.4507551491
  27.88	  0.4276890457
  27.89	  0.4044197202
  27.90	  0.3809575737
  27.91	  0.3573132753
  27.92	  0.3334975541
  27.93	  0.3095214665
  27.94	  0.2853960991
  27.95	  0.2611327767
  27.96	  0.2367429733
  27.97	  0.2122382224
  27.98	  0.1876302660
  27.99	  0.1629309058
  28.00	  0.1381520629
  28.01	  0.1133057401
  28.02	  0.0884040147
  28.03	  0.0634590313
  28.04	  0.0384829715
  28.05	  0.0134880608
  28.06	  -0.0115134595
  28.07	  -0.0365093388
  28.08	  -0.0614873320
  28.09	  -0.0864352137
  28.10	  -0.1113407984
  28.11	  -0.1361919343
  28.12	  -0.1609765440
  28.13	  -0.1856826246
  28.14	  -0.2102982253
  28.15	  -0.2348115444
  28.16	  -0.2592108846
  28.17	  -0.2834845781
  28.18	  -0.3076212704
  28.19	  -0.3316095471
  28.20	  -0.3554383218
  28.21	  -0.3790965974
  28.22	  -0.4025734961
  28.23	  -0.4258584380
  28.24	  -0.4489409626
  28.25	  -0.4718107879
  28.26	  -0.4944579601
  28.27	  -0.5168725848
  28.28	  -0.5390450358
  28.29	  -0.5609659553
  28.30	  -0.5826262236
  28.31	  -0.6040169001
  28.32	  -0.6251292825
  28.33	  -0.6459549069
  28.34	  -0.6664855480
  28.35	  -0.6867132783
  28.36	  -0.7066303492
  28.37	  -0.7262292504
  28.38	  -0.7455027699
  28.39	  -0.7644439340
  28.40	  -0.7830458879
  28.41	  -0.8013022542
  28.42	  -0.8192065954
  28.43	  -0.8367530107
  28.44	  -0.8539355993
  28.45	  -0.8707487583
  28.46	  -0.8871871829
  28.47	  -0.9032456875
  28.48	  -0.9189193845
  28.49	  -0.9342035651
  28.50	  -0.9490937591
  28.51	  -0.9635856152
  28.52	  -0.9776750207
  28.53	  -0.9913581610
  28.54	  -1.0046312809
  28.55	  -1.0174908638
  28.56	  -1.0299335718
  28.57	  -1.0419561863
  28.58	  -1.0535557270
  28.59	  -1.0647293329
  28.60	  -1.0754743814
  28.61	  -1.0857883692
  28.62	  -1.0956689119
  28.63	  -1.1051136255
  28.64	  -1.1141206026
  28.65	  -1.1226876974
  28.66	  -1.1308132410
  28.67	  -1.1384954453
  28.68	  -1.1457326412
  28.69	  -1.1525235176
  28.70	  -1.1588666439
  28.71	  -1.1647607088
  28.72	  -1.1702047586
  28.73	  -1.1751974821
  28.74	  -1.1797380447
  28.75	  -1.1838256121
  28.76	  -1.1874593496
  28.77	  -1.1906387806
  28.78	  -1.1933630705
  28.79	  -1.1956319809
  28.80	  -1.1974449158
  28.81	  -1.1988015175
  28.82	  -1.1997017860
  28.83	  -1.2001452446
  28.84	  -1.2001321316
  28.85	  -1.1996622086
  28.86	  -1.1987357140
  28.87	  -1.1973526478
  28.88	  -1.1955133677
  28.89	  -1.1932182312
  28.90	  -1.1904675961
  28.91	  -1.1872620583
  28.92	  -1.1836019754
  28.93	  -1.1794883013
  28.94	  -1.1749216318
  28.95	  -1.1699028015
  28.96	  -1.1644328833
  28.97	  -1.1585128307
  28.98	  -1.1521438360
  28.99	  -1.1453270912
  29.00	  -1.1380641460
  29.01	  -1.1303563118
  29.02	  -1.1222052574
  29.03	  -1.1136126518
  29.04	  -1.1045804024
  29.05	  -1.0951105356
  29.06	  -1.0852049589
  29.07	  -1.0748660564
  29.08	  -1.0640960932
  29.09	  -1.0528978109
  29.10	  -1.0412737131
  29.11	  -1.0292267799
  29.12	  -1.0167599916
  29.13	  -1.0038764477
  29.14	  -0.9905796051
  29.15	  -0.9768729210
  29.16	  -0.9627601504
  29.17	  -0.9482451677
  29.18	  -0.9333321452
  29.19	  -0.9180253744
  29.20	  -0.9023293257
  29.21	  -0.8862487674
  29.22	  -0.8697885871
  29.23	  -0.8529539108
  29.24	  -0.8357502222
  29.25	  -0.8181830049
  29.26	  -0.8002581596
  29.27	  -0.7819817066
  29.28	  -0.7633599043
  29.29	  -0.7443994284
  29.30	  -0.7251068950
  29.31	  -0.7054894567
  29.32	  -0.6855542660
  29.33	  -0.6653088331
  29.34	  -0.6447609067
  29.35	  -0.6239185333
  29.36	  -0.6027898788
  29.37	  -0.5813834071
  29.38	  -0.5597078800
  29.39	  -0.5377721786
  29.40	  -0.5155854225
  29.41	  -0.4931571484
  29.42	  -0.4704968929
  29.43	  -0.4476144910
  29.44	  -0.4245200157
  29.45	  -0.4012237191
  29.46	  -0.3777360320
  29.47	  -0.3540676534
  29.48	  -0.3302293718
  29.49	  -0.3062322140
  29.50	  -0.2820873260
  29.51	  -0.2578060329
  29.52	  -0.2333998084
  29.53	  -0.2088802755
  29.54	  -0.1842591166
  29.55	  -0.1595481932
  29.56	  -0.1347594112
  29.57	  -0.1099047959
  29.58	  -0.0849964470
  29.59	  -0.0600464903
  29.60	  -0.0350671336
  29.61	  -0.0100705959
  29.62	  0.0149308760
  29.63	  0.0399250314
  29.64	  0.0648996308
  29.65	  0.0898424536
  29.66	  0.1147413030
  29.67	  0.1395840645
  29.68	  0.1643586457
  29.69	  0.1890530586
  29.70	  0.2136553824
  29.71	  0.2381538004
  29.72	  0.2625366449
  29.73	  0.2867923081
  29.74	  0.3109093308
  29.75	  0.3348765075
  29.76	  0.3586826026
  29.77	  0.3823167086
  29.78	  0.4057680070
  29.79	  0.4290258586
  29.80	  0.4520799220
  29.81	  0.4749199152
  29.82	  0.4975358546
  29.83	  0.5199179053
  29.84	  0.5420565605
  29.85	  0.5639424324
  29.86	  0.5855663419
  29.87	  0.6069194674
  29.88	  0.6279931068
  29.89	  0.6487789154
  29.90	  0.6692686081
  29.91	  0.6894543171
  29.92	  0.7093283534
  29.93	  0.7288832068
  29.94	  0.7481116652
  29.95	  0.7670068741
  29.96	  0.7855619788
  29.97	  0.8037706017
  29.98	  0.8216263652
  29.99	  0.8391233683
  30.00	  0.8562557697
  30.01	  0.8730180264
  30.02	  0.8894048333
  30.03	  0.9054110050
  30.04	  0.9210317731
  30.05	  0.9362623692
  30.06	  0.9510983229
  30.07	  0.9655354023
  30.08	  0.9795694947
  30.09	  0.9931967854
  30.10	  1.0064135790
  30.11	  1.0192164183
  30.12	  1.0316017866
  30.13	  1.0435668230
  30.14	  1.0551083088
  30.15	  1.0662235022
  30.16	  1.0769097805
  30.17	  1.0871646404
  30.18	  1.0969856977
  30.19	  1.1063706875
  30.20	  1.1153175831
  30.21	  1.1238244772
  30.22	  1.1318895817
  30.23	  1.1395109892
  30.24	  1.1466872692
  30.25	  1.1534171104
  30.26	  1.1596988440
  30.27	  1.1655315161
  30.28	  1.1709138155
  30.29	  1.1758447886
  30.30	  1.1803234816
  30.31	  1.1843490601
  30.32	  1.1879208088
  30.33	  1.1910380125
  30.34	  1.1937001944
  30.35	  1.1959066391
  30.36	  1.1976572275
  30.37	  1.1989516020
  30.38	  1.1997892857
  30.39	  1.2001703978
  30.40	  1.2000948191
  30.41	  1.1995625496
  30.42	  1.1985735893
  30.43	  1.1971281767
  30.44	  1.1952265501
  30.45	  1.1928691864
  30.46	  1.1900563240
  30.47	  1.1867885590
  30.48	  1.1830664873
  30.49	  1.1788907051
  30.50	  1.1742621660
  30.51	  1.1691817045
  30.52	  1.1636501551
  30.53	  1.1576685905
  30.54	  1.1512383223
  30.55	  1.1443606615
  30.56	  1.1370366812
  30.57	  1.1292681694
  30.58	  1.1210566759
  30.59	  1.1124038696
  30.60	  1.1033117771
  30.61	  1.0937820673
  30.62	  1.0838171244
  30.63	  1.0734192133
  30.64	  1.0625905991
  30.65	  1.0513339043
  30.66	  1.0396518707
  30.67	  1.0275473595
  30.68	  1.0150233507
  30.69	  1.0020831823
  30.70	  0.9887300730
  30.71	  0.9749676585
  30.72	  0.9607996345
  30.73	  0.9462300539
  30.74	  0.9312629700
  30.75	  0.9159026742
  30.76	  0.9001537561
  30.77	  0.8840210438
  30.78	  0.8675093055
  30.79	  0.8506239057
  30.80	  0.8333701491
  30.81	  0.8157536983
  30.82	  0.7977804542
  30.83	  0.7794564366
  30.84	  0.7607879639
  30.85	  0.7417816520
  30.86	  0.7224442959
  30.87	  0.7027829885
  30.88	  0.6828049421
  30.89	  0.6625177264
  30.90	  0.6419290900
  30.91	  0.6210470796
  30.92	  0.5998799205
  30.93	  0.5784361959
  30.94	  0.5567245483
  30.95	  0.5347539783
  30.96	  0.5125336647
  30.97	  0.4900730848
  30.98	  0.4673818648
  30.99	  0.4444698691
  31.00	  0.4213472009
  31.01	  0.3980241120
  31.02	  0.3745111227
  31.03	  0.3508188426
  31.04	  0.3269582093
  31.05	  0.3029401898
  31.06	  0.2787759900
  31.07	  0.2544769347
  31.08	  0.2300545424
  31.09	  0.2055204213
  31.10	  0.1808862835
  31.11	  0.1561640054
  31.12	  0.1313655227
  31.13	  0.1065028533
  31.14	  0.0815880969
  31.15	  0.0566334017
  31.16	  0.0316509716
  31.17	  0.0066530388
  31.18	  -0.0183481555
  31.19	  -0.0433403626
  31.20	  -0.0683113337
  31.21	  -0.0932488665
  31.22	  -0.1181407645
  31.23	  -0.1429749131
  31.24	  -0.1677392423
  31.25	  -0.1924217641
  31.26	  -0.2170105726
  31.27	  -0.2414938956
  31.28	  -0.2658600211
  31.29	  -0.2900974154
  31.30	  -0.3141946197
  31.31	  -0.3381404281
  31.32	  -0.3619236648
  31.33	  -0.3855333924
  31.34	  -0.4089588821
  31.35	  -0.4321894944
  31.36	  -0.4552148879
  31.37	  -0.4780248404
  31.38	  -0.5006093979
  31.39	  -0.5229587555
  31.40	  -0.5450633764
  31.41	  -0.5669139624
  31.42	  -0.5885013938
  31.43	  -0.6098167896
  31.44	  -0.6308516264
  31.45	  -0.6515973806
  31.46	  -0.6720460057
  31.47	  -0.6921895742
  31.48	  -0.7120203972
  31.49	  -0.7315310240
  31.50	  -0.7507143617
  31.51	  -0.7695634961
  31.52	  -0.7880716324
  31.53	  -0.8062323332
  31.54	  -0.8240394592
  31.55	  -0.8414869308
  31.56	  -0.8585690260
  31.57	  -0.8752803206
  31.58	  -0.8916153312
  31.59	  -0.9075691700
  31.60	  -0.9231368303
  31.61	  -0.9383137226
  31.62	  -0.9530954361
  31.63	  -0.9674776196
  31.64	  -0.9814563990
  31.65	  -0.9950277805
  31.66	  -1.0081881285
  31.67	  -1.0209341049
  31.68	  -1.0332622528
  31.69	  -1.0451694727
  31.70	  -1.0566529036
  31.71	  -1.0677096844
  31.72	  -1.0783370733
  31.73	  -1.0885328054
  31.74	  -1.0982943773
  31.75	  -1.1076196432
  31.76	  -1.1165064573
  31.77	  -1.1249530315
  31.78	  -1.1329575777
  31.79	  -1.1405183077
  31.80	  -1.1476336718
  31.81	  -1.1543022394
  31.82	  -1.1605226994
  31.83	  -1.1662938595
  31.84	  -1.1716145277
  31.85	  -1.1764837503
  31.86	  -1.1809005737
  31.87	  -1.1848641634
  31.88	  -1.1883738041
  31.89	  -1.1914287806
  31.90	  -1.1940286160
  31.91	  -1.1961729527
  31.92	  -1.1978610754
  31.93	  -1.1990929842
  31.94	  -1.1998683214
  31.95	  -1.2001870871
  31.96	  -1.2000490427
  31.97	  -1.1994543076
  31.98	  -1.1984028816
  31.99	  -1.1968951225
  32.00	  -1.1949312687
  32.01	  -1.1925115585
  32.02	  -1.1896364689
  32.03	  -1.1863064766
  32.04	  -1.1825224161
  32.05	  -1.1782847643
  32.06	  -1.1735943556
  32.07	  -1.1684521437
  32.08	  -1.1628589630
  32.09	  -1.1568161249
  32.10	  -1.1503245831
  32.11	  -1.1433857679
  32.12	  -1.1360009909
  32.13	  -1.1281718016
  32.14	  -1.1198998690
  32.15	  -1.1111869812
  32.16	  -1.1020348072
  32.17	  -1.0924456120
  32.18	  -1.0824213028
  32.19	  -1.0719643831
  32.20	  -1.0610771179
  32.21	  -1.0497621298
  32.22	  -1.0380221605
  32.23	  -1.0258600712
  32.24	  -1.0132789612
  32.25	  -1.0002821684
  32.26	  -0.9868728518
  32.27	  -0.9730547667
  32.28	  -0.9588316679
  32.29	  -0.9442074895
  32.30	  -0.9291863441
  32.31	  -0.9137727022
  32.32	  -0.8979710340
  32.33	  -0.8817861676
  32.34	  -0.8652231097
  32.35	  -0.8482870460
  32.36	  -0.8309833407
  32.37	  -0.8133177757
  32.38	  -0.7952961922
  32.39	  -0.7769247293
  32.40	  -0.7582097054
  32.41	  -0.7391577363
  32.42	  -0.7197756767
  32.43	  -0.7000706196
  32.44	  -0.6800498366
  32.45	  -0.6597209573
  32.46	  -0.6390917301
  32.47	  -0.6181702614
  32.48	  -0.5969648361
  32.49	  -0.5754839182
  32.50	  -0.5537363291
  32.51	  -0.5317310691
  32.52	  -0.5094773769
  32.53	  -0.4869847000
  32.54	  -0.4642627239
  32.55	  -0.4413213134
  32.56	  -0.4181706309
  32.57	  -0.3948209882
  32.58	  -0.3712828457
  32.59	  -0.3475669026
  32.60	  -0.3236840963
  32.61	  -0.2996454239
  32.62	  -0.2754621208
  32.63	  -0.2511455417
  32.64	  -0.2267071903
  32.65	  -0.2021586895
  32.66	  -0.1775118113
  32.67	  -0.1527784169
  32.68	  -0.1279704422
  32.69	  -0.1030999348
  32.70	  -0.0781790018
  32.71	  -0.0532197952
  32.72	  -0.0282345247
  32.73	  -0.0032354204
  32.74	  0.0217652675
  32.75	  0.0467552915
  32.76	  0.0717224181
  32.77	  0.0966544226
  32.78	  0.1215391457
  32.79	  0.1463644654
  32.80	  0.1711183190
  32.81	  0.1957887262
  32.82	  0.2203638107
  32.83	  0.2448317856
  32.84	  0.2691810131
  32.85	  0.2933999002
  32.86	  0.3174770772
  32.87	  0.3414013088
  32.88	  0.3651614785
  32.89	  0.3887466490
  32.90	  0.4121461213
  32.91	  0.4353492856
  32.92	  0.4583458304
  32.93	  0.4811255634
  32.94	  0.5036785007
  32.95	  0.5259949565
  32.96	  0.5480654240
  32.97	  0.5698805451
  32.98	  0.5914313197
  32.99	  0.6127089262
  33.00	  0.6337047219
  33.01	  0.6544103026
  33.02	  0.6748176813
  33.03	  0.6949189305
  33.04	  0.7147064209
  33.05	  0.7341727614
  33.06	  0.7533108592
  33.07	  0.7721136808
  33.08	  0.7905747294
  33.09	  0.8086874485
  33.10	  0.8264457583
  33.11	  0.8438436389
  33.12	  0.8608753681
  33.13	  0.8775355220
  33.14	  0.8938187957
  33.15	  0.9097200632
  33.16	  0.9252346158
  33.17	  0.9403577447
  33.18	  0.9550850391
  33.19	  0.9694123864
  33.20	  0.9833356142
  33.21	  0.9968510866
  33.22	  1.0099550486
  33.23	  1.0226440430
  33.24	  1.0349148512
  33.25	  1.0467642546
  33.26	  1.0581895113
  33.27	  1.0691877604
  33.28	  1.0797562599
  33.29	  1.0898927450
  33.30	  1.0995948315
  33.31	  1.1088602543
  33.32	  1.1176871061
  33.33	  1.1260733604
  33.34	  1.1340172291
  33.35	  1.1415171623
  33.36	  1.1485716105
  33.37	  1.1551790237
  33.38	  1.1613380909
  33.39	  1.1670477390
  33.40	  1.1723067760
  33.41	  1.1771142483
  33.42	  1.1814690828
  33.43	  1.1853706837
  33.44	  1.1888182163
  33.45	  1.1918110847
  33.46	  1.1943486929
  33.47	  1.1964305639
  33.48	  1.1980564594
  33.49	  1.1992259026
  33.50	  1.1999388933
  33.51	  1.2001951933
  33.52	  1.1999946833
  33.53	  1.1993374825
  33.54	  1.1982237101
  33.55	  1.1966536045
  33.56	  1.1946272850
  33.57	  1.1921453476
  33.58	  1.1892080307
  33.59	  1.1858160496
  33.60	  1.1819698811
  33.61	  1.1776702404
  33.62	  1.1729180813
  33.63	  1.1677141190
  33.64	  1.1620595455
  33.65	  1.1559551954
  33.66	  1.1494024992
  33.67	  1.1424025297
  33.68	  1.1349569559
  33.69	  1.1270672083
  33.70	  1.1187348366
  33.71	  1.1099617481
  33.72	  1.1007497311
  33.73	  1.0911009312
  33.74	  1.0810173750
  33.75	  1.0705014467
  33.76	  1.0595555305
  33.77	  1.0481822491
  33.78	  1.0363844633
  33.79	  1.0241649151
  33.80	  1.0115268230
  33.81	  0.9984734058
  33.82	  0.9850080609
  33.83	  0.9711343646
  33.84	  0.9568561912
  33.85	  0.9421774745
  33.86	  0.9271024466
  33.87	  0.9116355181
  33.88	  0.8957811594
  33.89	  0.8795443177
  33.90	  0.8629299402
  33.91	  0.8459432721
  33.92	  0.8285897970
  33.93	  0.8108751774
  33.94	  0.7928054333
  33.95	  0.7743865848
  33.96	  0.7556251287
  33.97	  0.7365276217
  33.98	  0.7171009779
  33.99	  0.6973523498
  34.00	  0.6772890091
  34.01	  0.6569185853
  34.02	  0.6362489462
  34.03	  0.6152881384
  34.04	  0.5940445662
  34.05	  0.5725266337
  34.06	  0.5507433414
  34.07	  0.5287035704
  34.08	  0.5064166188
  34.09	  0.4838920236
  34.10	  0.4611394703
  34.11	  0.4381688535
  34.12	  0.4149903655
  34.13	  0.3916143179
  34.14	  0.3680512309
  34.15	  0.3443118632
  34.16	  0.3204070926
  34.17	  0.2963479757
  34.18	  0.2721457779
  34.19	  0.2478118688
  34.20	  0.2233577669
  34.21	  0.1987951249
  34.22	  0.1741357297
  34.23	  0.1493914276
  34.24	  0.1245741919
  34.25	  0.0996960700
  34.26	  0.0747691840
  34.27	  0.0498056971
  34.28	  0.0248178151
  34.29	  -0.0001822273
  34.30	  -0.0251821801
  34.31	  -0.0501697958
  34.32	  -0.0751328394
  34.33	  -0.1000590995
  34.34	  -0.1249364167
  34.35	  -0.1497526765
  34.36	  -0.1744958162
  34.37	  -0.1991539001
  34.38	  -0.2237150371
  34.39	  -0.2481674701
  34.40	  -0.2724995613
  34.41	  -0.2966997325
  34.42	  -0.3207566738
  34.43	  -0.3446591198
  34.44	  -0.3683960140
  34.45	  -0.3919564486
  34.46	  -0.4153296947
  34.47	  -0.4385052323
  34.48	  -0.4614727199
  34.49	  -0.4842220247
  34.50	  -0.5067432523
  34.51	  -0.5290266275
  34.52	  -0.5510627031
  34.53	  -0.5728422403
  34.54	  -0.5943561792
  34.55	  -0.6155957580
  34.56	  -0.6365523338
  34.57	  -0.6572176814
  34.58	  -0.6775836945
  34.59	  -0.6976425052
  34.60	  -0.7173864841
  34.61	  -0.7368083596
  34.62	  -0.7559010386
  34.63	  -0.7746575475
  34.64	  -0.7930713296
  34.65	  -0.8111360073
  34.66	  -0.8288453817
  34.67	  -0.8461935520
  34.68	  -0.8631747961
  34.69	  -0.8797836900
  34.70	  -0.8960150480
  34.71	  -0.9118637443
  34.72	  -0.9273250699
  34.73	  -0.9423943162
  34.74	  -0.9570671916
  34.75	  -0.9713395238
  34.76	  -0.9852072597
  34.77	  -0.9986666441
  34.78	  -1.0117141008
  34.79	  -1.0243461132
  34.80	  -1.0365594625
  34.81	  -1.0483511686
  34.82	  -1.0597181320
  34.83	  -1.0706578493
  34.84	  -1.0811674595
  34.85	  -1.0912446976
  34.86	  -1.1008871794
  34.87	  -1.1100927591
  34.88	  -1.1188595295
  34.89	  -1.1271853447
  34.90	  -1.1350687742
  34.91	  -1.1425077915
  34.92	  -1.1495012045
  34.93	  -1.1560473442
  34.94	  -1.1621451378
  34.95	  -1.1677932739
  34.96	  -1.1729905605
  34.97	  -1.1777362823
  34.98	  -1.1820292473
  34.99	  -1.1858687401
  35.00	  -1.1892541647
  35.01	  -1.1921848059
  35.02	  -1.1946601868
  35.03	  -1.1966797113
  35.04	  -1.1982432604
  35.05	  -1.1993503571
  35.06	  -1.2000008821
  35.07	  -1.2001947165
  35.08	  -1.1999317408
  35.09	  -1.1992121935
  35.10	  -1.1980359554
  35.11	  -1.1964035034
  35.12	  -1.1943149567
  35.13	  -1.1917706728
  35.14	  -1.1887712479
  35.15	  -1.1853170395
  35.16	  -1.1814088821
  35.17	  -1.1770473719
  35.18	  -1.1722333431
  35.19	  -1.1669677496
  35.20	  -1.1612515450
  35.21	  -1.1550859213
  35.22	  -1.1484719515
  35.23	  -1.1414110661
  35.24	  -1.1339046955
  35.25	  -1.1259542704
  35.26	  -1.1175615788
  35.27	  -1.1087284088
  35.28	  -1.0994565487
  35.29	  -1.0897481441
  35.30	  -1.0796053410
  35.31	  -1.0690305233
  35.32	  -1.0580260754
  35.33	  -1.0465946198
  35.34	  -1.0347388983
  35.35	  -1.0224620104
  35.36	  -1.0097669363
  35.37	  -0.9966570139
  35.38	  -0.9831355810
  35.39	  -0.9692063928
  35.40	  -0.9548732042
  35.41	  -0.9401401281
  35.42	  -0.9250112176
  35.43	  -0.9094910622
  35.44	  -0.8935841322
  35.45	  -0.8772953749
  35.46	  -0.8606297970
  35.47	  -0.8435926437
  35.48	  -0.8261894584
  35.49	  -0.8084259629
  35.50	  -0.7903081179
  35.51	  -0.7718420625
  35.52	  -0.7530342340
  35.53	  -0.7338913679
  35.54	  -0.7144202590
  35.55	  -0.6946281791
  35.56	  -0.6745223999
  35.57	  -0.6541106105
  35.58	  -0.6334006786
  35.59	  -0.6124007702
  35.60	  -0.5911191702
  35.61	  -0.5695644617
  35.62	  -0.5477455258
  35.63	  -0.5256714225
  35.64	  -0.5033514500
  35.65	  -0.4807950854
  35.66	  -0.4580121338
  35.67	  -0.4350125194
  35.68	  -0.4118064046
  35.69	  -0.3884041607
  35.70	  -0.3648163378
  35.71	  -0.3410537243
  35.72	  -0.3171271682
  35.73	  -0.2930478454
  35.74	  -0.2688269615
  35.75	  -0.2444759458
  35.76	  -0.2200063169
  35.77	  -0.1954297572
  35.78	  -0.1707580388
  35.79	  -0.1460030675
  35.80	  -0.1211768016
  35.81	  -0.0962913036
  35.82	  -0.0713586956
  35.83	  -0.0463911481
  35.84	  -0.0214008801
  35.85	  0.0035998735
  35.86	  0.0285988636
  35.87	  0.0535838418
  35.88	  0.0785425752
  35.89	  0.1034628674
  35.90	  0.1283325404
  35.91	  0.1531395167
  35.92	  0.1778717488
  35.93	  0.2025172710
  35.94	  0.2270642370
  35.95	  0.2515009046
  35.96	  0.2758156359
  35.97	  0.2999969125
  35.98	  0.3240333796
  35.99	  0.3479138613
  36.00	  0.3716272414
  36.01	  0.3951627314
  36.02	  0.4185095727
  36.03	  0.4416572750
  36.04	  0.4645955265
  36.05	  0.4873142540
  36.06	  0.5098035336
  36.07	  0.5320536494
  36.08	  0.5540552139
  36.09	  0.5757989883
  36.10	  0.5972759128
  36.11	  0.6184772849
  36.12	  0.6393945813
  36.13	  0.6600194573
  36.14	  0.6803439260
  36.15	  0.7003601193
  36.16	  0.7200605273
  36.17	  0.7394378185
  36.18	  0.7584849000
  36.19	  0.7771949768
  36.20	  0.7955614328
  36.21	  0.8135778904
  36.22	  0.8312382102
  36.23	  0.8485365510
  36.24	  0.8654672503
  36.25	  0.8820248246
  36.26	  0.8982041478
  36.27	  0.9140002131
  36.28	  0.9294081926
  36.29	  0.9444234967
  36.30	  0.9590418935
  36.31	  0.9732591510
  36.32	  0.9870712757
  36.33	  1.0004745722
  36.34	  1.0134654045
  36.35	  1.0260404348
  36.36	  1.0381963253
  36.37	  1.0499300957
  36.38	  1.0612388849
  36.39	  1.0721198320
  36.40	  1.0825705528
  36.41	  1.0925884247
  36.42	  1.1021714211
  36.43	  1.1113171577
  36.44	  1.1200236082
  36.45	  1.1282892227
  36.46	  1.1361118555
  36.47	  1.1434900761
  36.48	  1.1504224539
  36.49	  1.1569074392
  36.50	  1.1629437208
  36.51	  1.1685303450
  36.52	  1.1736660004
  36.53	  1.1783497334
  36.54	  1.1825808287
  36.55	  1.1863583326
  36.56	  1.1896816492
  36.57	  1.1925500631
  36.58	  1.1949630976
  36.59	  1.1969203949
  36.60	  1.1984214783
  36.61	  1.1994662285
  36.62	  1.2000542879
  36.63	  1.2001856565
  36.64	  1.1998603344
  36.65	  1.1990783215
  36.66	  1.1978397369
  36.67	  1.1961449385
  36.68	  1.1939940453
  36.69	  1.1913875341
  36.70	  1.1883258820
  36.71	  1.1848095655
  36.72	  1.1808394194
  36.73	  1.1764160395
  36.74	  1.1715402603
  36.75	  1.1662129164
  36.76	  1.1604351997
  36.77	  1.1542081833
  36.78	  1.1475330591
  36.79	  1.1404112577
  36.80	  1.1328440905
  36.81	  1.1248331070
  36.82	  1.1163800955
  36.83	  1.1074868441
  36.84	  1.0981551409
  36.85	  1.0883872509
  36.86	  1.0781853199
  36.87	  1.0675514936
  36.88	  1.0564885139
  36.89	  1.0449990034
  36.90	  1.0330855846
  36.91	  1.0207512379
  36.92	  1.0079993010
  36.93	  0.9948328733
  36.94	  0.9812555313
  36.95	  0.9672708511
  36.96	  0.9528827667
  36.97	  0.9380953312
  36.98	  0.9229127169
  36.99	  0.9073393345
  37.00	  0.8913799524
  37.01	  0.8750393987
  37.02	  0.8583226800
  37.03	  0.8412352204
  37.04	  0.8237824440
  37.05	  0.8059701324
  37.06	  0.7878043056
  37.07	  0.7692911625
  37.08	  0.7504371405
  37.09	  0.7312489748
  37.10	  0.7117335796
  37.11	  0.6918981671
  37.12	  0.6717501283
  37.13	  0.6512970924
  37.14	  0.6305470467
  37.15	  0.6095080972
  37.16	  0.5881886482
  37.17	  0.5665972829
  37.18	  0.5447429419
  37.19	  0.5226346850
  37.20	  0.5002818108
  37.21	  0.4776939452
  37.22	  0.4548807740
  37.23	  0.4318523109
  37.24	  0.4086187780
  37.25	  0.3851905465
  37.26	  0.3615781963
  37.27	  0.3377924860
  37.28	  0.3138444126
  37.29	  0.2897450626
  37.30	  0.2655057311
  37.31	  0.2411378175
  37.32	  0.2166528702
  37.33	  0.1920626163
  37.34	  0.1673788130
  37.35	  0.1426133811
  37.36	  0.1177783012
  37.37	  0.0928856507
  37.38	  0.0679475442
  37.39	  0.0429761708
  37.40	  0.0179837495
  37.41	  -0.0070174867
  37.42	  -0.0320152827
  37.43	  -0.0569973961
  37.44	  -0.0819515958
  37.45	  -0.1068656817
  37.46	  -0.1317275017
  37.47	  -0.1565249711
  37.48	  -0.1812460423
  37.49	  -0.2058787942
  37.50	  -0.2304113805
  37.51	  -0.2548320591
  37.52	  -0.2791292071
  37.53	  -0.3032913804
  37.54	  -0.3273071647
  37.55	  -0.3511654437
  37.56	  -0.3748551607
  37.57	  -0.3983654976
  37.58	  -0.4216857255
  37.59	  -0.4448054135
  37.60	  -0.4677142501
  37.61	  -0.4904021621
  37.62	  -0.5128592849
  37.63	  -0.5350760221
  37.64	  -0.5570428967
  37.65	  -0.5787507296
  37.66	  -0.6001905203
  37.67	  -0.6213535070
  37.68	  -0.6422313452
  37.69	  -0.6628156304
  37.70	  -0.6830983758
  37.71	  -0.7030718923
  37.72	  -0.7227285504
  37.73	  -0.7420611382
  37.74	  -0.7610625625
  37.75	  -0.7797260284
  37.76	  -0.7980449796
  37.77	  -0.8160130978
  37.78	  -0.8336243033
  37.79	  -0.8508726954
  37.80	  -0.8677527308
  37.81	  -0.8842589259
  37.82	  -0.9003861547
  37.83	  -0.9161294103
  37.84	  -0.9314839840
  37.85	  -0.9464452863
  37.86	  -0.9610090852
  37.87	  -0.9751711488
  37.88	  -0.9889276624
  37.89	  -1.0022747517
  37.90	  -1.0152089596
  37.91	  -1.0277268887
  37.92	  -1.0398252010
  37.93	  -1.0515010357
  37.94	  -1.0627515316
  37.95	  -1.0735738277
  37.96	  -1.0839655399
  37.97	  -1.0939241648
  37.98	  -1.1034474373
  37.99	  -1.1125332117
  38.00	  -1.1211795807
  38.01	  -1.1293846369
  38.02	  -1.1371467113
  38.03	  -1.1444641352
  38.04	  -1.1513353586
  38.05	  -1.1577590704
  38.06	  -1.1637339592
  38.07	  -1.1692589521
  38.08	  -1.1743329763
  38.09	  -1.1789548397
  38.10	  -1.1831239462
  38.11	  -1.1868394613
  38.12	  -1.1901005507
  38.13	  -1.1929067373
  38.14	  -1.1952575445
  38.15	  -1.1971524954
  38.16	  -1.1985912323
  38.17	  -1.1995735168
  38.18	  -1.2000992298
  38.19	  -1.2001681328
  38.20	  -1.1997803450
  38.21	  -1.1989359856
  38.22	  -1.1976350546
  38.23	  -1.1958777905
  38.24	  -1.1936646700
  38.25	  -1.1909958124
  38.26	  -1.1878720522
  38.27	  -1.1842937469
  38.28	  -1.1802614927
  38.29	  -1.1757762432
  38.30	  -1.1708385944
  38.31	  -1.1654497385
  38.32	  -1.1596105099
  38.33	  -1.1533222198
  38.34	  -1.1465859413
  38.35	  -1.1394031048
  38.36	  -1.1317751408
  38.37	  -1.1237037182
  38.38	  -1.1151903868
  38.39	  -1.1062370539
  38.40	  -1.0968456268
  38.41	  -1.0870182514
  38.42	  -1.0767570734
  38.43	  -1.0660645962
  38.44	  -1.0549430847
  38.45	  -1.0433954000
  38.46	  -1.0314242840
  38.47	  -1.0190327168
  38.48	  -1.0062239170
  38.49	  -0.9930011034
  38.50	  -0.9793678522
  38.51	  -0.9653277993
  38.52	  -0.9508848786
  38.53	  -0.9360431433
  38.54	  -0.9208068252
  38.55	  -0.9051804543
  38.56	  -0.8891686797
  38.57	  -0.8727763891
  38.58	  -0.8560087085
  38.59	  -0.8388709426
  38.60	  -0.8213686347
  38.61	  -0.8035076857
  38.62	  -0.7852939963
  38.63	  -0.7667338848
  38.64	  -0.7478337884
  38.65	  -0.7286004424
  38.66	  -0.7090408802
  38.67	  -0.6891623139
  38.68	  -0.6689720750
  38.69	  -0.6484780312
  38.70	  -0.6276879907
  38.71	  -0.6066101789
  38.72	  -0.5852530599
  38.73	  -0.5636252165
  38.74	  -0.5417356491
  38.75	  -0.5195934176
  38.76	  -0.4972078204
  38.77	  -0.4745885730
  38.78	  -0.4517453611
  38.79	  -0.4286882877
  38.80	  -0.4054275155
  38.81	  -0.3819734752
  38.82	  -0.3583367765
  38.83	  -0.3345282674
  38.84	  -0.3105588257
  38.85	  -0.2864396870
  38.86	  -0.2621820867
  38.87	  -0.2377974838
  38.88	  -0.2132974714
  38.89	  -0.1886937171
  38.90	  -0.1639980525
  38.91	  -0.1392223835
  38.92	  -0.1143787280
  38.93	  -0.0894791484
  38.94	  -0.0645357743
  38.95	  -0.0395608023
  38.96	  -0.0145664522
  38.97	  0.0104350355
  38.98	  0.0354314111
  38.99	  0.0604104288
  39.00	  0.0853598639
  39.01	  0.1102675200
  39.02	  0.1351212561
  39.03	  0.1599089801
  39.04	  0.1846186966
  39.05	  0.2092384547
  39.06	  0.2337564230
  39.07	  0.2581608891
  39.08	  0.2824402750
  39.09	  0.3065831065
  39.10	  0.3305780292
  39.11	  0.3544138968
  39.12	  0.3780797422
  39.13	  0.4015646875
  39.14	  0.4248581231
  39.15	  0.4479495883
  39.16	  0.4708288312
  39.17	  0.4934857786
  39.18	  0.5159106255
  39.19	  0.5380937457
  39.20	  0.5600257516
  39.21	  0.5816974044
  39.22	  0.6030998826
  39.23	  0.6242244244
  39.24	  0.6450625658
  39.25	  0.6656061411
  39.26	  0.6858471036
  39.27	  0.7057777047
  39.28	  0.7253904939
  39.29	  0.7446781993
  39.30	  0.7636338472
  39.31	  0.7822505832
  39.32	  0.8005219698
  39.33	  0.8184416294
  39.34	  0.8360036016
  39.35	  0.8532019854
  39.36	  0.8700311780
  39.37	  0.8864858747
  39.38	  0.9025608897
  39.39	  0.9182513356
  39.40	  0.9335523844
  39.41	  0.9484596252
  39.42	  0.9629687667
  39.43	  0.9770756364
  39.44	  0.9907763600
  39.45	  1.0040671825
  39.46	  1.0169447660
  39.47	  1.0294054747
  39.48	  1.0414462090
  39.49	  1.0530641079
  39.50	  1.0642561913
  39.51	  1.0750198364
  39.52	  1.0853524208
  39.53	  1.0952516794
  39.54	  1.1047152281
  39.55	  1.1137411594
  39.56	  1.1223272085
  39.57	  1.1304718256
  39.58	  1.1381732225
  39.59	  1.1454297304
  39.60	  1.1522397995
  39.61	  1.1586023569
  39.62	  1.1645158529
  39.63	  1.1699792147
  39.64	  1.1749913692
  39.65	  1.1795514822
  39.66	  1.1836585999
  39.67	  1.1873120070
  39.68	  1.1905109882
  39.69	  1.1932549477
  39.70	  1.1955435276
  39.71	  1.1973761320
  39.72	  1.1987524033
  39.73	  1.1996723413
  39.74	  1.2001355886
  39.75	  1.2001421452
  39.76	  1.1996918917
  39.77	  1.1987850666
  39.78	  1.1974217892
  39.79	  1.1956021786
  39.80	  1.1933267117
  39.81	  1.1905957460
  39.82	  1.1874096394
  39.83	  1.1837692261
  39.84	  1.1796751022
  39.85	  1.1751278639
  39.86	  1.1701285839
  39.87	  1.1646780968
  39.88	  1.1587774754
  39.89	  1.1524277925
  39.90	  1.1456303596
  39.91	  1.1383866072
  39.92	  1.1306979656
  39.93	  1.1225659847
  39.94	  1.1139924526
  39.95	  1.1049790382
  39.96	  1.0955280066
  39.97	  1.0856411457
  39.98	  1.0753208399
  39.99	  1.0645695925
  40.00	  1.0533896685
