  0.01	  -0.0049502486
  0.02	  -0.0098488275
  0.03	  -0.0146938628
  0.04	  -0.0194835253
  0.05	  -0.0242160298
  0.06	  -0.0288896393
  0.07	  -0.0335026607
  0.08	  -0.0380534530
  0.09	  -0.0425404124
  0.10	  -0.0469619930
  0.11	  -0.0513166897
  0.12	  -0.0556030460
  0.13	  -0.0598196536
  0.14	  -0.0639651641
  0.15	  -0.0680382550
  0.16	  -0.0720376670
  0.17	  -0.0759622008
  0.18	  -0.0798106790
  0.19	  -0.0835819915
  0.20	  -0.0872750804
  0.21	  -0.0908889174
  0.22	  -0.0944225490
  0.23	  -0.0978750512
  0.24	  -0.1012455523
  0.25	  -0.1045332402
  0.26	  -0.1077373400
  0.27	  -0.1108571365
  0.28	  -0.1138919443
  0.29	  -0.1168411523
  0.30	  -0.1197041795
  0.31	  -0.1224804893
  0.32	  -0.1251696050
  0.33	  -0.1277711093
  0.34	  -0.1302845925
  0.35	  -0.1327097118
  0.36	  -0.1350461990
  0.37	  -0.1372938007
  0.38	  -0.1394523084
  0.39	  -0.1415215582
  0.40	  -0.1435014457
  0.41	  -0.1453919262
  0.42	  -0.1471929401
  0.43	  -0.1489045322
  0.44	  -0.1505267620
  0.45	  -0.1520597488
  0.46	  -0.1535036117
  0.47	  -0.1548585743
  0.48	  -0.1561248451
  0.49	  -0.1573027074
  0.50	  -0.1583924741
  0.51	  -0.1593944877
  0.52	  -0.1603091508
  0.53	  -0.1611368805
  0.54	  -0.1618781537
  0.55	  -0.1625334769
  0.56	  -0.1631033719
  0.57	  -0.1635884345
  0.58	  -0.1639892757
  0.59	  -0.1643065214
  0.60	  -0.1645408571
  0.61	  -0.1646929979
  0.62	  -0.1647637039
  0.63	  -0.1647537351
  0.64	  -0.1646638960
  0.65	  -0.1644950211
  0.66	  -0.1642480046
  0.67	  -0.1639237106
  0.68	  -0.1635230929
  0.69	  -0.1630470753
  0.70	  -0.1624966562
  0.71	  -0.1618728340
  0.72	  -0.1611766517
  0.73	  -0.1604091376
  0.74	  -0.1595713943
  0.75	  -0.1586645246
  0.76	  -0.1576896310
  0.77	  -0.1566478759
  0.78	  -0.1555404365
  0.79	  -0.1543684751
  0.80	  -0.1531332135
  0.81	  -0.1518358737
  0.82	  -0.1504776925
  0.83	  -0.1490599364
  0.84	  -0.1475838870
  0.85	  -0.1460508257
  0.86	  -0.1444620639
  0.87	  -0.1428189278
  0.88	  -0.1411227286
  0.89	  -0.1393748522
  0.90	  -0.1375766098
  0.91	  -0.1357294172
  0.92	  -0.1338346153
  0.93	  -0.1318936199
  0.94	  -0.1299078166
  0.95	  -0.1278786063
  0.96	  -0.1258074194
  0.97	  -0.1236956641
  0.98	  -0.1215447634
  0.99	  -0.1193561479
  1.00	  -0.1171312556
  1.01	  -0.1148715243
  1.02	  -0.1125783920
  1.03	  -0.1102533042
  1.04	  -0.1078977138
  1.05	  -0.1055130512
  1.06	  -0.1031007692
  1.07	  -0.1006623060
  1.08	  -0.0981991217
  1.09	  -0.0957126394
  1.10	  -0.0932043046
  1.11	  -0.0906755477
  1.12	  -0.0881278068
  1.13	  -0.0855625048
  1.14	  -0.0829810649
  1.15	  -0.0803848952
  1.16	  -0.0777754113
  1.17	  -0.0751540139
  1.18	  -0.0725220814
  1.19	  -0.0698810220
  1.20	  -0.0672321916
  1.21	  -0.0645769611
  1.22	  -0.0619166940
  1.23	  -0.0592527241
  1.24	  -0.0565863885
  1.25	  -0.0539190136
  1.26	  -0.0512518995
  1.27	  -0.0485863499
  1.28	  -0.0459236391
  1.29	  -0.0432650447
  1.30	  -0.0406118147
  1.31	  -0.0379651897
  1.32	  -0.0353263952
  1.33	  -0.0326966345
  1.34	  -0.0300771054
  1.35	  -0.0274689775
  1.36	  -0.0248734094
  1.37	  -0.0222915430
  1.38	  -0.0197244976
  1.39	  -0.0171733797
  1.40	  -0.0146392742
  1.41	  -0.0121232457
  1.42	  -0.0096263411
  1.43	  -0.0071495888
  1.44	  -0.0046939948
  1.45	  -0.0022605460
  1.46	  0.0001497918
  1.47	  0.0025360729
  1.48	  0.0048973733
  1.49	  0.0072327908
  1.50	  0.0095414435
  1.51	  0.0118224733
  1.52	  0.0140750417
  1.53	  0.0162983350
  1.54	  0.0184915587
  1.55	  0.0206539445
  1.56	  0.0227847453
  1.57	  0.0248832367
  1.58	  0.0269487165
  1.59	  0.0289805066
  1.60	  0.0309779514
  1.61	  0.0329404213
  1.62	  0.0348673053
  1.63	  0.0367580205
  1.64	  0.0386120044
  1.65	  0.0404287241
  1.66	  0.0422076546
  1.67	  0.0439483151
  1.68	  0.0456502363
  1.69	  0.0473129712
  1.70	  0.0489361025
  1.71	  0.0505192354
  1.72	  0.0520619936
  1.73	  0.0535640307
  1.74	  0.0550250188
  1.75	  0.0564446524
  1.76	  0.0578226596
  1.77	  0.0591587760
  1.78	  0.0604527704
  1.79	  0.0617044345
  1.80	  0.0629135817
  1.81	  0.0640800372
  1.82	  0.0652036741
  1.83	  0.0662843585
  1.84	  0.0673219934
  1.85	  0.0683165044
  1.86	  0.0692678392
  1.87	  0.0701759607
  1.88	  0.0710408613
  1.89	  0.0718625486
  1.90	  0.0726410598
  1.91	  0.0733764321
  1.92	  0.0740687400
  1.93	  0.0747180879
  1.94	  0.0753245726
  1.95	  0.0758883357
  1.96	  0.0764095262
  1.97	  0.0768883079
  1.98	  0.0773248821
  1.99	  0.0777194425
  2.00	  0.0780722275
  2.01	  0.0783834755
  2.02	  0.0786534473
  2.03	  0.0788824260
  2.04	  0.0790707022
  2.05	  0.0792185962
  2.06	  0.0793264359
  2.07	  0.0793945715
  2.08	  0.0794233531
  2.09	  0.0794131681
  2.10	  0.0793644041
  2.11	  0.0792774782
  2.12	  0.0791528001
  2.13	  0.0789908096
  2.14	  0.0787919611
  2.15	  0.0785567164
  2.16	  0.0782855526
  2.17	  0.0779789537
  2.18	  0.0776374266
  2.19	  0.0772614777
  2.20	  0.0768516436
  2.21	  0.0764084533
  2.22	  0.0759324580
  2.23	  0.0754242092
  2.24	  0.0748842806
  2.25	  0.0743132457
  2.26	  0.0737116933
  2.27	  0.0730802268
  2.28	  0.0724194422
  2.29	  0.0717299506
  2.30	  0.0710123777
  2.31	  0.0702673569
  2.32	  0.0694955140
  2.33	  0.0686974972
  2.34	  0.0678739473
  2.35	  0.0670255348
  2.36	  0.0661529005
  2.37	  0.0652567223
  2.38	  0.0643376708
  2.39	  0.0633964166
  2.40	  0.0624336377
  2.41	  0.0614500158
  2.42	  0.0604462437
  2.43	  0.0594230071
  2.44	  0.0583809949
  2.45	  0.0573209003
  2.46	  0.0562434271
  2.47	  0.0551492646
  2.48	  0.0540391132
  2.49	  0.0529136769
  2.50	  0.0517736524
  2.51	  0.0506197363
  2.52	  0.0494526364
  2.53	  0.0482730456
  2.54	  0.0470816679
  2.55	  0.0458791964
  2.56	  0.0446663313
  2.57	  0.0434437618
  2.58	  0.0422121808
  2.59	  0.0409722812
  2.60	  0.0397247523
  2.61	  0.0384702682
  2.62	  0.0372095183
  2.63	  0.0359431729
  2.64	  0.0346719064
  2.65	  0.0333963931
  2.66	  0.0321172886
  2.67	  0.0308352541
  2.68	  0.0295509454
  2.69	  0.0282650106
  2.70	  0.0269780923
  2.71	  0.0256908275
  2.72	  0.0244038459
  2.73	  0.0231177751
  2.74	  0.0218332279
  2.75	  0.0205508210
  2.76	  0.0192711540
  2.77	  0.0179948248
  2.78	  0.0167224221
  2.79	  0.0154545279
  2.80	  0.0141917141
  2.81	  0.0129345469
  2.82	  0.0116835833
  2.83	  0.0104393698
  2.84	  0.0092024477
  2.85	  0.0079733469
  2.86	  0.0067525874
  2.87	  0.0055406829
  2.88	  0.0043381359
  2.89	  0.0031454398
  2.90	  0.0019630773
  2.91	  0.0007915226
  2.92	  -0.0003687608
  2.93	  -0.0015173194
  2.94	  -0.0026537096
  2.95	  -0.0037774986
  2.96	  -0.0048882640
  2.97	  -0.0059855939
  2.98	  -0.0070690862
  2.99	  -0.0081383511
  3.00	  -0.0091930097
  3.01	  -0.0102326907
  3.02	  -0.0112570385
  3.03	  -0.0122657055
  3.04	  -0.0132583557
  3.05	  -0.0142346648
  3.06	  -0.0151943192
  3.07	  -0.0161370169
  3.08	  -0.0170624666
  3.09	  -0.0179703906
  3.10	  -0.0188605189
  3.11	  -0.0197325964
  3.12	  -0.0205863751
  3.13	  -0.0214216206
  3.14	  -0.0222381148
  3.15	  -0.0230356418
  3.16	  -0.0238140021
  3.17	  -0.0245730095
  3.18	  -0.0253124833
  3.19	  -0.0260322597
  3.20	  -0.0267321840
  3.21	  -0.0274121128
  3.22	  -0.0280719120
  3.23	  -0.0287114605
  3.24	  -0.0293306485
  3.25	  -0.0299293790
  3.26	  -0.0305075608
  3.27	  -0.0310651176
  3.28	  -0.0316019841
  3.29	  -0.0321181007
  3.30	  -0.0326134264
  3.31	  -0.0330879278
  3.32	  -0.0335415751
  3.33	  -0.0339743607
  3.34	  -0.0343862772
  3.35	  -0.0347773321
  3.36	  -0.0351475440
  3.37	  -0.0354969390
  3.38	  -0.0358255580
  3.39	  -0.0361334383
  3.40	  -0.0364206471
  3.41	  -0.0366872400
  3.42	  -0.0369332992
  3.43	  -0.0371589065
  3.44	  -0.0373641588
  3.45	  -0.0375491530
  3.46	  -0.0377140045
  3.47	  -0.0378588326
  3.48	  -0.0379837640
  3.49	  -0.0380889401
  3.50	  -0.0381744988
  3.51	  -0.0382406041
  3.52	  -0.0382874086
  3.53	  -0.0383150838
  3.54	  -0.0383238085
  3.55	  -0.0383137688
  3.56	  -0.0382851511
  3.57	  -0.0382381566
  3.58	  -0.0381729901
  3.59	  -0.0380898640
  3.60	  -0.0379890017
  3.61	  -0.0378706232
  3.62	  -0.0377349630
  3.63	  -0.0375822596
  3.64	  -0.0374127589
  3.65	  -0.0372267030
  3.66	  -0.0370243564
  3.67	  -0.0368059762
  3.68	  -0.0365718268
  3.69	  -0.0363221765
  3.70	  -0.0360573120
  3.71	  -0.0357775018
  3.72	  -0.0354830362
  3.73	  -0.0351742059
  3.74	  -0.0348513015
  3.75	  -0.0345146246
  3.76	  -0.0341644697
  3.77	  -0.0338011459
  3.78	  -0.0334249586
  3.79	  -0.0330362245
  3.80	  -0.0326352529
  3.81	  -0.0322223604
  3.82	  -0.0317978710
  3.83	  -0.0313621052
  3.84	  -0.0309153851
  3.85	  -0.0304580405
  3.86	  -0.0299903993
  3.87	  -0.0295127891
  3.88	  -0.0290255472
  3.89	  -0.0285290014
  3.90	  -0.0280234907
  3.91	  -0.0275093466
  3.92	  -0.0269869082
  3.93	  -0.0264565125
  3.94	  -0.0259184968
  3.95	  -0.0253732000
  3.96	  -0.0248209592
  3.97	  -0.0242621116
  3.98	  -0.0236969981
  3.99	  -0.0231259540
  4.00	  -0.0225493181
  4.01	  -0.0219674259
  4.02	  -0.0213806164
  4.03	  -0.0207892209
  4.04	  -0.0201935750
  4.05	  -0.0195940100
  4.06	  -0.0189908594
  4.07	  -0.0183844510
  4.08	  -0.0177751128
  4.09	  -0.0171631742
  4.10	  -0.0165489540
  4.11	  -0.0159327798
  4.12	  -0.0153149674
  4.13	  -0.0146958362
  4.14	  -0.0140757011
  4.15	  -0.0134548731
  4.16	  -0.0128336633
  4.17	  -0.0122123770
  4.18	  -0.0115913199
  4.19	  -0.0109707899
  4.20	  -0.0103510860
  4.21	  -0.0097325016
  4.22	  -0.0091153271
  4.23	  -0.0084998496
  4.24	  -0.0078863520
  4.25	  -0.0072751143
  4.26	  -0.0066664112
  4.27	  -0.0060605146
  4.28	  -0.0054576918
  4.29	  -0.0048582070
  4.30	  -0.0042623179
  4.31	  -0.0036702801
  4.32	  -0.0030823438
  4.33	  -0.0024987548
  4.34	  -0.0019197542
  4.35	  -0.0013455789
  4.36	  -0.0007764609
  4.37	  -0.0002126270
  4.38	  0.0003457002
  4.39	  0.0008983034
  4.40	  0.0014449700
  4.41	  0.0019854927
  4.42	  0.0025196690
  4.43	  0.0030473017
  4.44	  0.0035681985
  4.45	  0.0040821726
  4.46	  0.0045890422
  4.47	  0.0050886311
  4.48	  0.0055807680
  4.49	  0.0060652867
  4.50	  0.0065420275
  4.51	  0.0070108348
  4.52	  0.0074715591
  4.53	  0.0079240566
  4.54	  0.0083681885
  4.55	  0.0088038202
  4.56	  0.0092308261
  4.57	  0.0096490821
  4.58	  0.0100584719
  4.59	  0.0104588848
  4.60	  0.0108502135
  4.61	  0.0112323584
  4.62	  0.0116052255
  4.63	  0.0119687235
  4.64	  0.0123227695
  4.65	  0.0126672853
  4.66	  0.0130021963
  4.67	  0.0133274365
  4.68	  0.0136429425
  4.69	  0.0139486575
  4.70	  0.0142445294
  4.71	  0.0145305134
  4.72	  0.0148065677
  4.73	  0.0150726559
  4.74	  0.0153287482
  4.75	  0.0155748185
  4.76	  0.0158108473
  4.77	  0.0160368197
  4.78	  0.0162527245
  4.79	  0.0164585579
  4.80	  0.0166543182
  4.81	  0.0168400109
  4.82	  0.0170156471
  4.83	  0.0171812382
  4.84	  0.0173368063
  4.85	  0.0174823739
  4.86	  0.0176179707
  4.87	  0.0177436285
  4.88	  0.0178593844
  4.89	  0.0179652832
  4.90	  0.0180613678
  4.91	  0.0181476921
  4.92	  0.0182243101
  4.93	  0.0182912797
  4.94	  0.0183486659
  4.95	  0.0183965359
  4.96	  0.0184349604
  4.97	  0.0184640158
  4.98	  0.0184837785
  4.99	  0.0184943341
  5.00	  0.0184957683
  5.01	  0.0184881724
  5.02	  0.0184716359
  5.03	  0.0184462592
  5.04	  0.0184121430
  5.05	  0.0183693897
  5.06	  0.0183181055
  5.07	  0.0182584003
  5.08	  0.0181903895
  5.09	  0.0181141850
  5.10	  0.0180299096
  5.11	  0.0179376807
  5.12	  0.0178376250
  5.13	  0.0177298691
  5.14	  0.0176145416
  5.15	  0.0174917728
  5.16	  0.0173616987
  5.17	  0.0172244534
  5.18	  0.0170801785
  5.19	  0.0169290099
  5.20	  0.0167710930
  5.21	  0.0166065693
  5.22	  0.0164355878
  5.23	  0.0162582956
  5.24	  0.0160748400
  5.25	  0.0158853717
  5.26	  0.0156900454
  5.27	  0.0154890120
  5.28	  0.0152824279
  5.29	  0.0150704496
  5.30	  0.0148532316
  5.31	  0.0146309342
  5.32	  0.0144037157
  5.33	  0.0141717354
  5.34	  0.0139351543
  5.35	  0.0136941327
  5.36	  0.0134488335
  5.37	  0.0131994179
  5.38	  0.0129460488
  5.39	  0.0126888892
  5.40	  0.0124281012
  5.41	  0.0121638495
  5.42	  0.0118962973
  5.43	  0.0116256066
  5.44	  0.0113519412
  5.45	  0.0110754641
  5.46	  0.0107963393
  5.47	  0.0105147269
  5.48	  0.0102307908
  5.49	  0.0099446913
  5.50	  0.0096565904
  5.51	  0.0093666483
  5.52	  0.0090750251
  5.53	  0.0087818783
  5.54	  0.0084873661
  5.55	  0.0081916479
  5.56	  0.0078948773
  5.57	  0.0075972104
  5.58	  0.0072988016
  5.59	  0.0069998037
  5.60	  0.0067003677
  5.61	  0.0064006448
  5.62	  0.0061007831
  5.63	  0.0058009308
  5.64	  0.0055012340
  5.65	  0.0052018370
  5.66	  0.0049028830
  5.67	  0.0046045128
  5.68	  0.0043068668
  5.69	  0.0040100827
  5.70	  0.0037142965
  5.71	  0.0034196426
  5.72	  0.0031262531
  5.73	  0.0028342586
  5.74	  0.0025437879
  5.75	  0.0022549671
  5.76	  0.0019679207
  5.77	  0.0016827711
  5.78	  0.0013996382
  5.79	  0.0011186403
  5.80	  0.0008398929
  5.81	  0.0005635097
  5.82	  0.0002896018
  5.83	  0.0000182781
  5.84	  -0.0002503547
  5.85	  -0.0005161925
  5.86	  -0.0007791335
  5.87	  -0.0010390783
  5.88	  -0.0012959300
  5.89	  -0.0015495941
  5.90	  -0.0017999787
  5.91	  -0.0020469942
  5.92	  -0.0022905539
  5.93	  -0.0025305734
  5.94	  -0.0027669708
  5.95	  -0.0029996668
  5.96	  -0.0032285850
  5.97	  -0.0034536514
  5.98	  -0.0036747945
  5.99	  -0.0038919454
  6.00	  -0.0041050380
  6.01	  -0.0043140086
  6.02	  -0.0045187972
  6.03	  -0.0047193444
  6.04	  -0.0049155955
  6.05	  -0.0051074969
  6.06	  -0.0052949991
  6.07	  -0.0054780534
  6.08	  -0.0056566158
  6.09	  -0.0058306437
  6.10	  -0.0060000969
  6.11	  -0.0061649387
  6.12	  -0.0063251345
  6.13	  -0.0064806528
  6.14	  -0.0066314638
  6.15	  -0.0067775408
  6.16	  -0.0069188601
  6.17	  -0.0070553999
  6.18	  -0.0071871411
  6.19	  -0.0073140673
  6.20	  -0.0074361647
  6.21	  -0.0075534214
  6.22	  -0.0076658293
  6.23	  -0.0077733807
  6.24	  -0.0078760721
  6.25	  -0.0079739019
  6.26	  -0.0080668703
  6.27	  -0.0081549808
  6.28	  -0.0082382383
  6.29	  -0.0083166510
  6.30	  -0.0083902283
  6.31	  -0.0084589832
  6.32	  -0.0085229306
  6.33	  -0.0085820854
  6.34	  -0.0086364672
  6.35	  -0.0086860973
  6.36	  -0.0087309992
  6.37	  -0.0087711969
  6.38	  -0.0088067185
  6.39	  -0.0088375928
  6.40	  -0.0088638514
  6.41	  -0.0088855270
  6.42	  -0.0089026541
  6.43	  -0.0089152716
  6.44	  -0.0089234160
  6.45	  -0.0089271283
  6.46	  -0.0089264521
  6.47	  -0.0089214304
  6.48	  -0.0089121088
  6.49	  -0.0088985348
  6.50	  -0.0088807577
  6.51	  -0.0088588279
  6.52	  -0.0088327965
  6.53	  -0.0088027176
  6.54	  -0.0087686470
  6.55	  -0.0087306397
  6.56	  -0.0086887544
  6.57	  -0.0086430488
  6.58	  -0.0085935844
  6.59	  -0.0085404227
  6.60	  -0.0084836259
  6.61	  -0.0084232576
  6.62	  -0.0083593838
  6.63	  -0.0082920697
  6.64	  -0.0082213832
  6.65	  -0.0081473906
  6.66	  -0.0080701625
  6.67	  -0.0079897689
  6.68	  -0.0079062786
  6.69	  -0.0078197652
  6.70	  -0.0077302996
  6.71	  -0.0076379552
  6.72	  -0.0075428062
  6.73	  -0.0074449261
  6.74	  -0.0073443903
  6.75	  -0.0072412738
  6.76	  -0.0071356529
  6.77	  -0.0070276042
  6.78	  -0.0069172042
  6.79	  -0.0068045300
  6.80	  -0.0066896598
  6.81	  -0.0065726708
  6.82	  -0.0064536412
  6.83	  -0.0063326494
  6.84	  -0.0062097739
  6.85	  -0.0060850936
  6.86	  -0.0059586875
  6.87	  -0.0058306335
  6.88	  -0.0057010110
  6.89	  -0.0055698990
  6.90	  -0.0054373755
  6.91	  -0.0053035198
  6.92	  -0.0051684105
  6.93	  -0.0050321254
  6.94	  -0.0048947427
  6.95	  -0.0047563412
  6.96	  -0.0046169972
  6.97	  -0.0044767889
  6.98	  -0.0043357932
  6.99	  -0.0041940864
  7.00	  -0.0040517449
  7.01	  -0.0039088437
  7.02	  -0.0037654592
  7.03	  -0.0036216655
  7.04	  -0.0034775366
  7.05	  -0.0033331465
  7.06	  -0.0031885679
  7.07	  -0.0030438732
  7.08	  -0.0028991343
  7.09	  -0.0027544221
  7.10	  -0.0026098068
  7.11	  -0.0024653582
  7.12	  -0.0023211448
  7.13	  -0.0021772347
  7.14	  -0.0020336949
  7.15	  -0.0018905919
  7.16	  -0.0017479911
  7.17	  -0.0016059569
  7.18	  -0.0014645529
  7.19	  -0.0013238420
  7.20	  -0.0011838857
  7.21	  -0.0010447447
  7.22	  -0.0009064790
  7.23	  -0.0007691470
  7.24	  -0.0006328064
  7.25	  -0.0004975140
  7.26	  -0.0003633253
  7.27	  -0.0002302945
  7.28	  -0.0000984752
  7.29	  0.0000320805
  7.30	  0.0001613215
  7.31	  0.0002891978
  7.32	  0.0004156608
  7.33	  0.0005406627
  7.34	  0.0006641573
  7.35	  0.0007860992
  7.36	  0.0009064446
  7.37	  0.0010251505
  7.38	  0.0011421754
  7.39	  0.0012574791
  7.40	  0.0013710223
  7.41	  0.0014827673
  7.42	  0.0015926774
  7.43	  0.0017007175
  7.44	  0.0018068533
  7.45	  0.0019110522
  7.46	  0.0020132824
  7.47	  0.0021135139
  7.48	  0.0022117174
  7.49	  0.0023078655
  7.50	  0.0024019319
  7.51	  0.0024938909
  7.52	  0.0025837193
  7.53	  0.0026713940
  7.54	  0.0027568939
  7.55	  0.0028401988
  7.56	  0.0029212902
  7.57	  0.0030001504
  7.58	  0.0030767631
  7.59	  0.0031511134
  7.60	  0.0032231875
  7.61	  0.0032929732
  7.62	  0.0033604589
  7.63	  0.0034256345
  7.64	  0.0034884915
  7.65	  0.0035490224
  7.66	  0.0036072205
  7.67	  0.0036630807
  7.68	  0.0037165992
  7.69	  0.0037677730
  7.70	  0.0038166009
  7.71	  0.0038630820
  7.72	  0.0039072172
  7.73	  0.0039490080
  7.74	  0.0039884578
  7.75	  0.0040255706
  7.76	  0.0040603513
  7.77	  0.0040928060
  7.78	  0.0041229427
  7.79	  0.0041507692
  7.80	  0.0041762949
  7.81	  0.0041995309
  7.82	  0.0042204880
  7.83	  0.0042391787
  7.84	  0.0042556166
  7.85	  0.0042698160
  7.86	  0.0042817923
  7.87	  0.0042915624
  7.88	  0.0042991424
  7.89	  0.0043045511
  7.90	  0.0043078070
  7.91	  0.0043089306
  7.92	  0.0043079420
  7.93	  0.0043048626
  7.94	  0.0042997152
  7.95	  0.0042925226
  7.96	  0.0042833090
  7.97	  0.0042720987
  7.98	  0.0042589167
  7.99	  0.0042437897
  8.00	  0.0042267437
  8.01	  0.0042078071
  8.02	  0.0041870070
  8.03	  0.0041643726
  8.04	  0.0041399333
  8.05	  0.0041137184
  8.06	  0.0040857587
  8.07	  0.0040560854
  8.08	  0.0040247296
  8.09	  0.0039917235
  8.10	  0.0039570997
  8.11	  0.0039208909
  8.12	  0.0038831311
  8.13	  0.0038438535
  8.14	  0.0038030928
  8.15	  0.0037608831
  8.16	  0.0037172602
  8.17	  0.0036722587
  8.18	  0.0036259147
  8.19	  0.0035782640
  8.20	  0.0035293426
  8.21	  0.0034791874
  8.22	  0.0034278349
  8.23	  0.0033753223
  8.24	  0.0033216863
  8.25	  0.0032669648
  8.26	  0.0032111946
  8.27	  0.0031544140
  8.28	  0.0030966601
  8.29	  0.0030379712
  8.30	  0.0029783852
  8.31	  0.0029179398
  8.32	  0.0028566734
  8.33	  0.0027946236
  8.34	  0.0027318290
  8.35	  0.0026683270
  8.36	  0.0026041558
  8.37	  0.0025393537
  8.38	  0.0024739583
  8.39	  0.0024080072
  8.40	  0.0023415384
  8.41	  0.0022745894
  8.42	  0.0022071975
  8.43	  0.0021394002
  8.44	  0.0020712342
  8.45	  0.0020027368
  8.46	  0.0019339443
  8.47	  0.0018648936
  8.48	  0.0017956207
  8.49	  0.0017261615
  8.50	  0.0016565518
  8.51	  0.0015868272
  8.52	  0.0015170227
  8.53	  0.0014471732
  8.54	  0.0013773129
  8.55	  0.0013074764
  8.56	  0.0012376973
  8.57	  0.0011680090
  8.58	  0.0010984448
  8.59	  0.0010290371
  8.60	  0.0009598183
  8.61	  0.0008908203
  8.62	  0.0008220745
  8.63	  0.0007536120
  8.64	  0.0006854633
  8.65	  0.0006176584
  8.66	  0.0005502271
  8.67	  0.0004831984
  8.68	  0.0004166011
  8.69	  0.0003504634
  8.70	  0.0002848129
  8.71	  0.0002196767
  8.72	  0.0001550816
  8.73	  0.0000910536
  8.74	  0.0000276183
  8.75	  -0.0000351993
  8.76	  -0.0000973746
  8.77	  -0.0001588838
  8.78	  -0.0002197036
  8.79	  -0.0002798110
  8.80	  -0.0003391839
  8.81	  -0.0003978007
  8.82	  -0.0004556403
  8.83	  -0.0005126822
  8.84	  -0.0005689065
  8.85	  -0.0006242941
  8.86	  -0.0006788262
  8.87	  -0.0007324846
  8.88	  -0.0007852521
  8.89	  -0.0008371116
  8.90	  -0.0008880470
  8.91	  -0.0009380425
  8.92	  -0.0009870833
  8.93	  -0.0010351548
  8.94	  -0.0010822434
  8.95	  -0.0011283357
  8.96	  -0.0011734192
  8.97	  -0.0012174820
  8.98	  -0.0012605129
  8.99	  -0.0013025010
  9.00	  -0.0013434362
  9.01	  -0.0013833091
  9.02	  -0.0014221109
  9.03	  -0.0014598332
  9.04	  -0.0014964684
  9.05	  -0.0015320095
  9.06	  -0.0015664499
  9.07	  -0.0015997840
  9.08	  -0.0016320064
  9.09	  -0.0016631124
  9.10	  -0.0016930981
  9.11	  -0.0017219599
  9.12	  -0.0017496950
  9.13	  -0.0017763011
  9.14	  -0.0018017764
  9.15	  -0.0018261197
  9.16	  -0.0018493304
  9.17	  -0.0018714085
  9.18	  -0.0018923546
  9.19	  -0.0019121696
  9.20	  -0.0019308552
  9.21	  -0.0019484133
  9.22	  -0.0019648469
  9.23	  -0.0019801590
  9.24	  -0.0019943533
  9.25	  -0.0020074339
  9.26	  -0.0020194056
  9.27	  -0.0020302737
  9.28	  -0.0020400437
  9.29	  -0.0020487220
  9.30	  -0.0020563148
  9.31	  -0.0020628297
  9.32	  -0.0020682740
  9.33	  -0.0020726558
  9.34	  -0.0020759832
  9.35	  -0.0020782657
  9.36	  -0.0020795120
  9.37	  -0.0020797320
  9.38	  -0.0020789357
  9.39	  -0.0020771339
  9.40	  -0.0020743373
  9.41	  -0.0020705571
  9.42	  -0.0020658053
  9.43	  -0.0020600932
  9.44	  -0.0020534336
  9.45	  -0.0020458391
  9.46	  -0.0020373228
  9.47	  -0.0020278979
  9.48	  -0.0020175781
  9.49	  -0.0020063773
  9.50	  -0.0019943097
  9.51	  -0.0019813897
  9.52	  -0.0019676324
  9.53	  -0.0019530526
  9.54	  -0.0019376656
  9.55	  -0.0019214870
  9.56	  -0.0019045325
  9.57	  -0.0018868183
  9.58	  -0.0018683603
  9.59	  -0.0018491751
  9.60	  -0.0018292791
  9.61	  -0.0018086893
  9.62	  -0.0017874225
  9.63	  -0.0017654959
  9.64	  -0.0017429265
  9.65	  -0.0017197321
  9.66	  -0.0016959299
  9.67	  -0.0016715378
  9.68	  -0.0016465733
  9.69	  -0.0016210545
  9.70	  -0.0015949992
  9.71	  -0.0015684256
  9.72	  -0.0015413516
  9.73	  -0.0015137955
  9.74	  -0.0014857756
  9.75	  -0.0014573100
  9.76	  -0.0014284173
  9.77	  -0.0013991154
  9.78	  -0.0013694231
  9.79	  -0.0013393585
  9.80	  -0.0013089401
  9.81	  -0.0012781862
  9.82	  -0.0012471151
  9.83	  -0.0012157450
  9.84	  -0.0011840945
  9.85	  -0.0011521814
  9.86	  -0.0011200242
  9.87	  -0.0010876409
  9.88	  -0.0010550496
  9.89	  -0.0010222681
  9.90	  -0.0009893144
  9.91	  -0.0009562062
  9.92	  -0.0009229613
  9.93	  -0.0008895972
  9.94	  -0.0008561313
  9.95	  -0.0008225809
  9.96	  -0.0007889635
  9.97	  -0.0007552957
  9.98	  -0.0007215948
  9.99	  -0.0006878774
  10.00	  -0.0006541601
  10.01	  -0.0006204593
  10.02	  -0.0005867914
  10.03	  -0.0005531724
  10.04	  -0.0005196182
  10.05	  -0.0004861445
  10.06	  -0.0004527669
  10.07	  -0.0004195006
  10.08	  -0.0003863609
  10.09	  -0.0003533624
  10.10	  -0.0003205201
  10.11	  -0.0002878483
  10.12	  -0.0002553612
  10.13	  -0.0002230728
  10.14	  -0.0001909970
  10.15	  -0.0001591473
  10.16	  -0.0001275368
  10.17	  -0.0000961787
  10.18	  -0.0000650857
  10.19	  -0.0000342704
  10.20	  -0.0000037450
  10.21	  0.0000264785
  10.22	  0.0000563884
  10.23	  0.0000859732
  10.24	  0.0001152216
  10.25	  0.0001441229
  10.26	  0.0001726663
  10.27	  0.0002008415
  10.28	  0.0002286385
  10.29	  0.0002560474
  10.30	  0.0002830587
  10.31	  0.0003096633
  10.32	  0.0003358521
  10.33	  0.0003616166
  10.34	  0.0003869485
  10.35	  0.0004118396
  10.36	  0.0004362823
  10.37	  0.0004602690
  10.38	  0.0004837927
  10.39	  0.0005068464
  10.40	  0.0005294236
  10.41	  0.0005515180
  10.42	  0.0005731237
  10.43	  0.0005942350
  10.44	  0.0006148465
  10.45	  0.0006349531
  10.46	  0.0006545501
  10.47	  0.0006736330
  10.48	  0.0006921975
  10.49	  0.0007102398
  10.50	  0.0007277564
  10.51	  0.0007447438
  10.52	  0.0007611990
  10.53	  0.0007771195
  10.54	  0.0007925026
  10.55	  0.0008073463
  10.56	  0.0008216486
  10.57	  0.0008354080
  10.58	  0.0008486232
  10.59	  0.0008612932
  10.60	  0.0008734171
  10.61	  0.0008849946
  10.62	  0.0008960254
  10.63	  0.0009065096
  10.64	  0.0009164474
  10.65	  0.0009258396
  10.66	  0.0009346869
  10.67	  0.0009429905
  10.68	  0.0009507517
  10.69	  0.0009579721
  10.70	  0.0009646536
  10.71	  0.0009707983
  10.72	  0.0009764085
  10.73	  0.0009814869
  10.74	  0.0009860361
  10.75	  0.0009900595
  10.76	  0.0009935600
  10.77	  0.0009965412
  10.78	  0.0009990070
  10.79	  0.0010009612
  10.80	  0.0010024079
  10.81	  0.0010033514
  10.82	  0.0010037964
  10.83	  0.0010037475
  10.84	  0.0010032097
  10.85	  0.0010021882
  10.86	  0.0010006882
  10.87	  0.0009987152
  10.88	  0.0009962750
  10.89	  0.0009933732
  10.90	  0.0009900160
  10.91	  0.0009862096
  10.92	  0.0009819601
  10.93	  0.0009772743
  10.94	  0.0009721585
  10.95	  0.0009666196
  10.96	  0.0009606646
  10.97	  0.0009543005
  10.98	  0.0009475345
  10.99	  0.0009403737
  11.00	  0.0009328257
  11.01	  0.0009248981
  11.02	  0.0009165983
  11.03	  0.0009079343
  11.04	  0.0008989138
  11.05	  0.0008895448
  11.06	  0.0008798353
  11.07	  0.0008697934
  11.08	  0.0008594274
  11.09	  0.0008487455
  11.10	  0.0008377561
  11.11	  0.0008264676
  11.12	  0.0008148885
  11.13	  0.0008030272
  11.14	  0.0007908925
  11.15	  0.0007784929
  11.16	  0.0007658371
  11.17	  0.0007529338
  11.18	  0.0007397919
  11.19	  0.0007264200
  11.20	  0.0007128270
  11.21	  0.0006990217
  11.22	  0.0006850130
  11.23	  0.0006708097
  11.24	  0.0006564207
  11.25	  0.0006418547
  11.26	  0.0006271208
  11.27	  0.0006122277
  11.28	  0.0005971843
  11.29	  0.0005819995
  11.30	  0.0005666820
  11.31	  0.0005512406
  11.32	  0.0005356841
  11.33	  0.0005200211
  11.34	  0.0005042605
  11.35	  0.0004884109
  11.36	  0.0004724808
  11.37	  0.0004564789
  11.38	  0.0004404137
  11.39	  0.0004242936
  11.40	  0.0004081270
  11.41	  0.0003919223
  11.42	  0.0003756877
  11.43	  0.0003594315
  11.44	  0.0003431619
  11.45	  0.0003268868
  11.46	  0.0003106142
  11.47	  0.0002943522
  11.48	  0.0002781084
  11.49	  0.0002618907
  11.50	  0.0002457067
  11.51	  0.0002295639
  11.52	  0.0002134698
  11.53	  0.0001974317
  11.54	  0.0001814570
  11.55	  0.0001655528
  11.56	  0.0001497261
  11.57	  0.0001339838
  11.58	  0.0001183329
  11.59	  0.0001027800
  11.60	  0.0000873318
  11.61	  0.0000719947
  11.62	  0.0000567751
  11.63	  0.0000416793
  11.64	  0.0000267134
  11.65	  0.0000118833
  11.66	  -0.0000028050
  11.67	  -0.0000173458
  11.68	  -0.0000317334
  11.69	  -0.0000459624
  11.70	  -0.0000600274
  11.71	  -0.0000739232
  11.72	  -0.0000876446
  11.73	  -0.0001011869
  11.74	  -0.0001145450
  11.75	  -0.0001277143
  11.76	  -0.0001406904
  11.77	  -0.0001534688
  11.78	  -0.0001660451
  11.79	  -0.0001784154
  11.80	  -0.0001905756
  11.81	  -0.0002025219
  11.82	  -0.0002142506
  11.83	  -0.0002257581
  11.84	  -0.0002370411
  11.85	  -0.0002480962
  11.86	  -0.0002589203
  11.87	  -0.0002695106
  11.88	  -0.0002798640
  11.89	  -0.0002899779
  11.90	  -0.0002998499
  11.91	  -0.0003094774
  11.92	  -0.0003188582
  11.93	  -0.0003279902
  11.94	  -0.0003368715
  11.95	  -0.0003455002
  11.96	  -0.0003538745
  11.97	  -0.0003619929
  11.98	  -0.0003698542
  11.99	  -0.0003774568
  12.00	  -0.0003847998
  12.01	  -0.0003918821
  12.02	  -0.0003987028
  12.03	  -0.0004052613
  12.04	  -0.0004115570
  12.05	  -0.0004175893
  12.06	  -0.0004233581
  12.07	  -0.0004288630
  12.08	  -0.0004341040
  12.09	  -0.0004390813
  12.10	  -0.0004437949
  12.11	  -0.0004482453
  12.12	  -0.0004524328
  12.13	  -0.0004563581
  12.14	  -0.0004600218
  12.15	  -0.0004634248
  12.16	  -0.0004665680
  12.17	  -0.0004694524
  12.18	  -0.0004720792
  12.19	  -0.0004744498
  12.20	  -0.0004765654
  12.21	  -0.0004784276
  12.22	  -0.0004800381
  12.23	  -0.0004813984
  12.24	  -0.0004825105
  12.25	  -0.0004833763
  12.26	  -0.0004839978
  12.27	  -0.0004843772
  12.28	  -0.0004845166
  12.29	  -0.0004844184
  12.30	  -0.0004840850
  12.31	  -0.0004835189
  12.32	  -0.0004827227
  12.33	  -0.0004816990
  12.34	  -0.0004804507
  12.35	  -0.0004789805
  12.36	  -0.0004772915
  12.37	  -0.0004753865
  12.38	  -0.0004732687
  12.39	  -0.0004709413
  12.40	  -0.0004684074
  12.41	  -0.0004656703
  12.42	  -0.0004627335
  12.43	  -0.0004596002
  12.44	  -0.0004562741
  12.45	  -0.0004527585
  12.46	  -0.0004490572
  12.47	  -0.0004451738
  12.48	  -0.0004411120
  12.49	  -0.0004368755
  12.50	  -0.0004324682
  12.51	  -0.0004278939
  12.52	  -0.0004231565
  12.53	  -0.0004182599
  12.54	  -0.0004132081
  12.55	  -0.0004080051
  12.56	  -0.0004026550
  12.57	  -0.0003971618
  12.58	  -0.0003915296
  12.59	  -0.0003857625
  12.60	  -0.0003798647
  12.61	  -0.0003738404
  12.62	  -0.0003676938
  12.63	  -0.0003614291
  12.64	  -0.0003550505
  12.65	  -0.0003485623
  12.66	  -0.0003419687
  12.67	  -0.0003352739
  12.68	  -0.0003284823
  12.69	  -0.0003215981
  12.70	  -0.0003146257
  12.71	  -0.0003075692
  12.72	  -0.0003004330
  12.73	  -0.0002932212
  12.74	  -0.0002859384
  12.75	  -0.0002785885
  12.76	  -0.0002711759
  12.77	  -0.0002637049
  12.78	  -0.0002561797
  12.79	  -0.0002486044
  12.80	  -0.0002409833
  12.81	  -0.0002333206
  12.82	  -0.0002256203
  12.83	  -0.0002178867
  12.84	  -0.0002101237
  12.85	  -0.0002023356
  12.86	  -0.0001945263
  12.87	  -0.0001866999
  12.88	  -0.0001788603
  12.89	  -0.0001710115
  12.90	  -0.0001631574
  12.91	  -0.0001553020
  12.92	  -0.0001474490
  12.93	  -0.0001396022
  12.94	  -0.0001317654
  12.95	  -0.0001239424
  12.96	  -0.0001161368
  12.97	  -0.0001083522
  12.98	  -0.0001005923
  12.99	  -0.0000928605
  13.00	  -0.0000851604
  13.01	  -0.0000774954
  13.02	  -0.0000698689
  13.03	  -0.0000622842
  13.04	  -0.0000547446
  13.05	  -0.0000472533
  13.06	  -0.0000398136
  13.07	  -0.0000324284
  13.08	  -0.0000251009
  13.09	  -0.0000178341
  13.10	  -0.0000106309
  13.11	  -0.0000034942
  13.12	  0.0000035732
  13.13	  0.0000105685
  13.14	  0.0000174891
  13.15	  0.0000243323
  13.16	  0.0000310955
  13.17	  0.0000377763
  13.18	  0.0000443722
  13.19	  0.0000508808
  13.20	  0.0000572998
  13.21	  0.0000636271
  13.22	  0.0000698603
  13.23	  0.0000759975
  13.24	  0.0000820366
  13.25	  0.0000879755
  13.26	  0.0000938125
  13.27	  0.0000995457
  13.28	  0.0001051733
  13.29	  0.0001106936
  13.30	  0.0001161050
  13.31	  0.0001214059
  13.32	  0.0001265950
  13.33	  0.0001316706
  13.34	  0.0001366316
  13.35	  0.0001414766
  13.36	  0.0001462044
  13.37	  0.0001508139
  13.38	  0.0001553039
  13.39	  0.0001596736
  13.40	  0.0001639220
  13.41	  0.0001680481
  13.42	  0.0001720513
  13.43	  0.0001759307
  13.44	  0.0001796858
  13.45	  0.0001833159
  13.46	  0.0001868205
  13.47	  0.0001901992
  13.48	  0.0001934515
  13.49	  0.0001965771
  13.50	  0.0001995758
  13.51	  0.0002024473
  13.52	  0.0002051916
  13.53	  0.0002078085
  13.54	  0.0002102980
  13.55	  0.0002126602
  13.56	  0.0002148953
  13.57	  0.0002170033
  13.58	  0.0002189846
  13.59	  0.0002208394
  13.60	  0.0002225681
  13.61	  0.0002241710
  13.62	  0.0002256487
  13.63	  0.0002270017
  13.64	  0.0002282305
  13.65	  0.0002293358
  13.66	  0.0002303183
  13.67	  0.0002311788
  13.68	  0.0002319180
  13.69	  0.0002325367
  13.70	  0.0002330359
  13.71	  0.0002334166
  13.72	  0.0002336796
  13.73	  0.0002338261
  13.74	  0.0002338571
  13.75	  0.0002337738
  13.76	  0.0002335774
  13.77	  0.0002332690
  13.78	  0.0002328500
  13.79	  0.0002323216
  13.80	  0.0002316851
  13.81	  0.0002309421
  13.82	  0.0002300939
  13.83	  0.0002291419
  13.84	  0.0002280876
  13.85	  0.0002269327
  13.86	  0.0002256786
  13.87	  0.0002243269
  13.88	  0.0002228794
  13.89	  0.0002213375
  13.90	  0.0002197031
  13.91	  0.0002179778
  13.92	  0.0002161635
  13.93	  0.0002142617
  13.94	  0.0002122745
  13.95	  0.0002102035
  13.96	  0.0002080507
  13.97	  0.0002058178
  13.98	  0.0002035068
  13.99	  0.0002011195
  14.00	  0.0001986580
  14.01	  0.0001961241
  14.02	  0.0001935198
  14.03	  0.0001908470
  14.04	  0.0001881078
  14.05	  0.0001853042
  14.06	  0.0001824381
  14.07	  0.0001795115
  14.08	  0.0001765266
  14.09	  0.0001734853
  14.10	  0.0001703897
  14.11	  0.0001672418
  14.12	  0.0001640436
  14.13	  0.0001607974
  14.14	  0.0001575050
  14.15	  0.0001541686
  14.16	  0.0001507902
  14.17	  0.0001473719
  14.18	  0.0001439158
  14.19	  0.0001404239
  14.20	  0.0001368983
  14.21	  0.0001333410
  14.22	  0.0001297541
  14.23	  0.0001261396
  14.24	  0.0001224996
  14.25	  0.0001188361
  14.26	  0.0001151511
  14.27	  0.0001114467
  14.28	  0.0001077247
  14.29	  0.0001039873
  14.30	  0.0001002363
  14.31	  0.0000964738
  14.32	  0.0000927017
  14.33	  0.0000889220
  14.34	  0.0000851365
  14.35	  0.0000813471
  14.36	  0.0000775558
  14.37	  0.0000737644
  14.38	  0.0000699748
  14.39	  0.0000661887
  14.40	  0.0000624081
  14.41	  0.0000586347
  14.42	  0.0000548702
  14.43	  0.0000511164
  14.44	  0.0000473750
  14.45	  0.0000436478
  14.46	  0.0000399364
  14.47	  0.0000362424
  14.48	  0.0000325675
  14.49	  0.0000289134
  14.50	  0.0000252814
  14.51	  0.0000216733
  14.52	  0.0000180905
  14.53	  0.0000145346
  14.54	  0.0000110069
  14.55	  0.0000075090
  14.56	  0.0000040422
  14.57	  0.0000006080
  14.58	  -0.0000027924
  14.59	  -0.0000061576
  14.60	  -0.0000094863
  14.61	  -0.0000127772
  14.62	  -0.0000160292
  14.63	  -0.0000192410
  14.64	  -0.0000224114
  14.65	  -0.0000255394
  14.66	  -0.0000286238
  14.67	  -0.0000316636
  14.68	  -0.0000346577
  14.69	  -0.0000376051
  14.70	  -0.0000405048
  14.71	  -0.0000433559
  14.72	  -0.0000461575
  14.73	  -0.0000489088
  14.74	  -0.0000516088
  14.75	  -0.0000542568
  14.76	  -0.0000568519
  14.77	  -0.0000593936
  14.78	  -0.0000618810
  14.79	  -0.0000643135
  14.80	  -0.0000666904
  14.81	  -0.0000690111
  14.82	  -0.0000712751
  14.83	  -0.0000734819
  14.84	  -0.0000756308
  14.85	  -0.0000777215
  14.86	  -0.0000797535
  14.87	  -0.0000817264
  14.88	  -0.0000836398
  14.89	  -0.0000854934
  14.90	  -0.0000872869
  14.91	  -0.0000890199
  14.92	  -0.0000906924
  14.93	  -0.0000923039
  14.94	  -0.0000938544
  14.95	  -0.0000953438
  14.96	  -0.0000967718
  14.97	  -0.0000981385
  14.98	  -0.0000994436
  14.99	  -0.0001006874
  15.00	  -0.0001018696
  15.01	  -0.0001029904
  15.02	  -0.0001040499
  15.03	  -0.0001050481
  15.04	  -0.0001059851
  15.05	  -0.0001068612
  15.06	  -0.0001076764
  15.07	  -0.0001084310
  15.08	  -0.0001091252
  15.09	  -0.0001097593
  15.10	  -0.0001103336
  15.11	  -0.0001108484
  15.12	  -0.0001113041
  15.13	  -0.0001117009
  15.14	  -0.0001120393
  15.15	  -0.0001123197
  15.16	  -0.0001125426
  15.17	  -0.0001127084
  15.18	  -0.0001128175
  15.19	  -0.0001128706
  15.20	  -0.0001128682
  15.21	  -0.0001128107
  15.22	  -0.0001126988
  15.23	  -0.0001125330
  15.24	  -0.0001123141
  15.25	  -0.0001120425
  15.26	  -0.0001117191
  15.27	  -0.0001113444
  15.28	  -0.0001109191
  15.29	  -0.0001104440
  15.30	  -0.0001099197
  15.31	  -0.0001093471
  15.32	  -0.0001087269
  15.33	  -0.0001080598
  15.34	  -0.0001073467
  15.35	  -0.0001065883
  15.36	  -0.0001057855
  15.37	  -0.0001049392
  15.38	  -0.0001040501
  15.39	  -0.0001031191
  15.40	  -0.0001021470
  15.41	  -0.0001011349
  15.42	  -0.0001000835
  15.43	  -0.0000989938
  15.44	  -0.0000978667
  15.45	  -0.0000967030
  15.46	  -0.0000955038
  15.47	  -0.0000942700
  15.48	  -0.0000930025
  15.49	  -0.0000917022
  15.50	  -0.0000903702
  15.51	  -0.0000890073
  15.52	  -0.0000876147
  15.53	  -0.0000861931
  15.54	  -0.0000847437
  15.55	  -0.0000832674
  15.56	  -0.0000817652
  15.57	  -0.0000802381
  15.58	  -0.0000786870
  15.59	  -0.0000771131
  15.60	  -0.0000755171
  15.61	  -0.0000739003
  15.62	  -0.0000722635
  15.63	  -0.0000706077
  15.64	  -0.0000689340
  15.65	  -0.0000672434
  15.66	  -0.0000655367
  15.67	  -0.0000638151
  15.68	  -0.0000620796
  15.69	  -0.0000603310
  15.70	  -0.0000585704
  15.71	  -0.0000567988
  15.72	  -0.0000550171
  15.73	  -0.0000532263
  15.74	  -0.0000514274
  15.75	  -0.0000496213
  15.76	  -0.0000478090
  15.77	  -0.0000459914
  15.78	  -0.0000441695
  15.79	  -0.0000423441
  15.80	  -0.0000405163
  15.81	  -0.0000386869
  15.82	  -0.0000368569
  15.83	  -0.0000350271
  15.84	  -0.0000331984
  15.85	  -0.0000313717
  15.86	  -0.0000295480
  15.87	  -0.0000277279
  15.88	  -0.0000259125
  15.89	  -0.0000241024
  15.90	  -0.0000222987
  15.91	  -0.0000205020
  15.92	  -0.0000187132
  15.93	  -0.0000169330
  15.94	  -0.0000151624
  15.95	  -0.0000134019
  15.96	  -0.0000116525
  15.97	  -0.0000099147
  15.98	  -0.0000081894
  15.99	  -0.0000064773
  16.00	  -0.0000047791
  16.01	  -0.0000030954
  16.02	  -0.0000014270
  16.03	  0.0000002255
  16.04	  0.0000018615
  16.05	  0.0000034802
  16.06	  0.0000050812
  16.07	  0.0000066638
  16.08	  0.0000082273
  16.09	  0.0000097713
  16.10	  0.0000112952
  16.11	  0.0000127984
  16.12	  0.0000142804
  16.13	  0.0000157407
  16.14	  0.0000171788
  16.15	  0.0000185942
  16.16	  0.0000199865
  16.17	  0.0000213551
  16.18	  0.0000226998
  16.19	  0.0000240199
  16.20	  0.0000253153
  16.21	  0.0000265854
  16.22	  0.0000278299
  16.23	  0.0000290484
  16.24	  0.0000302407
  16.25	  0.0000314063
  16.26	  0.0000325451
  16.27	  0.0000336566
  16.28	  0.0000347407
  16.29	  0.0000357971
  16.30	  0.0000368255
  16.31	  0.0000378257
  16.32	  0.0000387975
  16.33	  0.0000397407
  16.34	  0.0000406551
  16.35	  0.0000415407
  16.36	  0.0000423972
  16.37	  0.0000432244
  16.38	  0.0000440224
  16.39	  0.0000447910
  16.40	  0.0000455301
  16.41	  0.0000462396
  16.42	  0.0000469195
  16.43	  0.0000475698
  16.44	  0.0000481904
  16.45	  0.0000487814
  16.46	  0.0000493427
  16.47	  0.0000498743
  16.48	  0.0000503764
  16.49	  0.0000508488
  16.50	  0.0000512918
  16.51	  0.0000517054
  16.52	  0.0000520897
  16.53	  0.0000524447
  16.54	  0.0000527706
  16.55	  0.0000530676
  16.56	  0.0000533357
  16.57	  0.0000535751
  16.58	  0.0000537861
  16.59	  0.0000539687
  16.60	  0.0000541232
  16.61	  0.0000542498
  16.62	  0.0000543487
  16.63	  0.0000544200
  16.64	  0.0000544642
  16.65	  0.0000544813
  16.66	  0.0000544717
  16.67	  0.0000544357
  16.68	  0.0000543735
  16.69	  0.0000542853
  16.70	  0.0000541716
  16.71	  0.0000540326
  16.72	  0.0000538687
  16.73	  0.0000536801
  16.74	  0.0000534672
  16.75	  0.0000532304
  16.76	  0.0000529699
  16.77	  0.0000526863
  16.78	  0.0000523797
  16.79	  0.0000520507
  16.80	  0.0000516996
  16.81	  0.0000513268
  16.82	  0.0000509326
  16.83	  0.0000505176
  16.84	  0.0000500820
  16.85	  0.0000496264
  16.86	  0.0000491510
  16.87	  0.0000486565
  16.88	  0.0000481432
  16.89	  0.0000476115
  16.90	  0.0000470618
  16.91	  0.0000464947
  16.92	  0.0000459106
  16.93	  0.0000453099
  16.94	  0.0000446931
  16.95	  0.0000440606
  16.96	  0.0000434129
  16.97	  0.0000427505
  16.98	  0.0000420739
  16.99	  0.0000413835
  17.00	  0.0000406798
  17.01	  0.0000399632
  17.02	  0.0000392343
  17.03	  0.0000384935
  17.04	  0.0000377413
  17.05	  0.0000369783
  17.06	  0.0000362047
  17.07	  0.0000354212
  17.08	  0.0000346283
  17.09	  0.0000338263
  17.10	  0.0000330158
  17.11	  0.0000321973
  17.12	  0.0000313713
  17.13	  0.0000305382
  17.14	  0.0000296984
  17.15	  0.0000288526
  17.16	  0.0000280011
  17.17	  0.0000271444
  17.18	  0.0000262830
  17.19	  0.0000254173
  17.20	  0.0000245479
  17.21	  0.0000236752
  17.22	  0.0000227996
  17.23	  0.0000219216
  17.24	  0.0000210416
  17.25	  0.0000201602
  17.26	  0.0000192777
  17.27	  0.0000183946
  17.28	  0.0000175112
  17.29	  0.0000166282
  17.30	  0.0000157458
  17.31	  0.0000148645
  17.32	  0.0000139848
  17.33	  0.0000131070
  17.34	  0.0000122315
  17.35	  0.0000113587
  17.36	  0.0000104892
  17.37	  0.0000096231
  17.38	  0.0000087610
  17.39	  0.0000079032
  17.40	  0.0000070501
  17.41	  0.0000062020
  17.42	  0.0000053593
  17.43	  0.0000045224
  17.44	  0.0000036917
  17.45	  0.0000028674
  17.46	  0.0000020499
  17.47	  0.0000012395
  17.48	  0.0000004366
  17.49	  -0.0000003585
  17.50	  -0.0000011456
  17.51	  -0.0000019242
  17.52	  -0.0000026942
  17.53	  -0.0000034552
  17.54	  -0.0000042069
  17.55	  -0.0000049491
  17.56	  -0.0000056815
  17.57	  -0.0000064039
  17.58	  -0.0000071159
  17.59	  -0.0000078174
  17.60	  -0.0000085081
  17.61	  -0.0000091878
  17.62	  -0.0000098562
  17.63	  -0.0000105132
  17.64	  -0.0000111585
  17.65	  -0.0000117919
  17.66	  -0.0000124133
  17.67	  -0.0000130225
  17.68	  -0.0000136192
  17.69	  -0.0000142034
  17.70	  -0.0000147748
  17.71	  -0.0000153334
  17.72	  -0.0000158789
  17.73	  -0.0000164112
  17.74	  -0.0000169303
  17.75	  -0.0000174359
  17.76	  -0.0000179280
  17.77	  -0.0000184064
  17.78	  -0.0000188712
  17.79	  -0.0000193221
  17.80	  -0.0000197590
  17.81	  -0.0000201821
  17.82	  -0.0000205910
  17.83	  -0.0000209859
  17.84	  -0.0000213665
  17.85	  -0.0000217330
  17.86	  -0.0000220853
  17.87	  -0.0000224232
  17.88	  -0.0000227469
  17.89	  -0.0000230563
  17.90	  -0.0000233513
  17.91	  -0.0000236320
  17.92	  -0.0000238984
  17.93	  -0.0000241505
  17.94	  -0.0000243884
  17.95	  -0.0000246119
  17.96	  -0.0000248213
  17.97	  -0.0000250164
  17.98	  -0.0000251974
  17.99	  -0.0000253644
  18.00	  -0.0000255173
  18.01	  -0.0000256562
  18.02	  -0.0000257812
  18.03	  -0.0000258925
  18.04	  -0.0000259900
  18.05	  -0.0000260738
  18.06	  -0.0000261441
  18.07	  -0.0000262010
  18.08	  -0.0000262445
  18.09	  -0.0000262748
  18.10	  -0.0000262920
  18.11	  -0.0000262962
  18.12	  -0.0000262876
  18.13	  -0.0000262662
  18.14	  -0.0000262322
  18.15	  -0.0000261857
  18.16	  -0.0000261270
  18.17	  -0.0000260561
  18.18	  -0.0000259732
  18.19	  -0.0000258784
  18.20	  -0.0000257720
  18.21	  -0.0000256541
  18.22	  -0.0000255249
  18.23	  -0.0000253844
  18.24	  -0.0000252330
  18.25	  -0.0000250709
  18.26	  -0.0000248981
  18.27	  -0.0000247148
  18.28	  -0.0000245214
  18.29	  -0.0000243179
  18.30	  -0.0000241046
  18.31	  -0.0000238817
  18.32	  -0.0000236493
  18.33	  -0.0000234077
  18.34	  -0.0000231572
  18.35	  -0.0000228978
  18.36	  -0.0000226298
  18.37	  -0.0000223535
  18.38	  -0.0000220690
  18.39	  -0.0000217766
  18.40	  -0.0000214764
  18.41	  -0.0000211688
  18.42	  -0.0000208540
  18.43	  -0.0000205321
  18.44	  -0.0000202034
  18.45	  -0.0000198681
  18.46	  -0.0000195264
  18.47	  -0.0000191787
  18.48	  -0.0000188250
  18.49	  -0.0000184657
  18.50	  -0.0000181010
  18.51	  -0.0000177310
  18.52	  -0.0000173561
  18.53	  -0.0000169765
  18.54	  -0.0000165924
  18.55	  -0.0000162040
  18.56	  -0.0000158115
  18.57	  -0.0000154153
  18.58	  -0.0000150155
  18.59	  -0.0000146123
  18.60	  -0.0000142061
  18.61	  -0.0000137969
  18.62	  -0.0000133851
  18.63	  -0.0000129709
  18.64	  -0.0000125545
  18.65	  -0.0000121360
  18.66	  -0.0000117159
  18.67	  -0.0000112942
  18.68	  -0.0000108712
  18.69	  -0.0000104471
  18.70	  -0.0000100221
  18.71	  -0.0000095965
  18.72	  -0.0000091704
  18.73	  -0.0000087441
  18.74	  -0.0000083178
  18.75	  -0.0000078916
  18.76	  -0.0000074659
  18.77	  -0.0000070407
  18.78	  -0.0000066164
  18.79	  -0.0000061930
  18.80	  -0.0000057708
  18.81	  -0.0000053501
  18.82	  -0.0000049309
  18.83	  -0.0000045134
  18.84	  -0.0000040979
  18.85	  -0.0000036846
  18.86	  -0.0000032736
  18.87	  -0.0000028650
  18.88	  -0.0000024592
  18.89	  -0.0000020561
  18.90	  -0.0000016561
  18.91	  -0.0000012593
  18.92	  -0.0000008658
  18.93	  -0.0000004758
  18.94	  -0.0000000894
  18.95	  0.0000002932
  18.96	  0.0000006718
  18.97	  0.0000010463
  18.98	  0.0000014166
  18.99	  0.0000017825
  19.00	  0.0000021439
  19.01	  0.0000025007
  19.02	  0.0000028527
  19.03	  0.0000031998
  19.04	  0.0000035419
  19.05	  0.0000038788
  19.06	  0.0000042105
  19.07	  0.0000045369
  19.08	  0.0000048578
  19.09	  0.0000051731
  19.10	  0.0000054828
  19.11	  0.0000057867
  19.12	  0.0000060848
  19.13	  0.0000063769
  19.14	  0.0000066630
  19.15	  0.0000069431
  19.16	  0.0000072169
  19.17	  0.0000074845
  19.18	  0.0000077459
  19.19	  0.0000080008
  19.20	  0.0000082493
  19.21	  0.0000084913
  19.22	  0.0000087267
  19.23	  0.0000089556
  19.24	  0.0000091778
  19.25	  0.0000093933
  19.26	  0.0000096021
  19.27	  0.0000098041
  19.28	  0.0000099994
  19.29	  0.0000101878
  19.30	  0.0000103694
  19.31	  0.0000105441
  19.32	  0.0000107120
  19.33	  0.0000108729
  19.34	  0.0000110270
  19.35	  0.0000111741
  19.36	  0.0000113143
  19.37	  0.0000114476
  19.38	  0.0000115741
  19.39	  0.0000116936
  19.40	  0.0000118062
  19.41	  0.0000119119
  19.42	  0.0000120108
  19.43	  0.0000121028
  19.44	  0.0000121881
  19.45	  0.0000122665
  19.46	  0.0000123382
  19.47	  0.0000124031
  19.48	  0.0000124614
  19.49	  0.0000125130
  19.50	  0.0000125579
  19.51	  0.0000125964
  19.52	  0.0000126282
  19.53	  0.0000126537
  19.54	  0.0000126726
  19.55	  0.0000126853
  19.56	  0.0000126916
  19.57	  0.0000126916
  19.58	  0.0000126855
  19.59	  0.0000126733
  19.60	  0.0000126550
  19.61	  0.0000126307
  19.62	  0.0000126005
  19.63	  0.0000125644
  19.64	  0.0000125226
  19.65	  0.0000124751
  19.66	  0.0000124219
  19.67	  0.0000123633
  19.68	  0.0000122992
  19.69	  0.0000122297
  19.70	  0.0000121550
  19.71	  0.0000120751
  19.72	  0.0000119901
  19.73	  0.0000119001
  19.74	  0.0000118052
  19.75	  0.0000117055
  19.76	  0.0000116011
  19.77	  0.0000114920
  19.78	  0.0000113785
  19.79	  0.0000112605
  19.80	  0.0000111382
  19.81	  0.0000110117
  19.82	  0.0000108810
  19.83	  0.0000107464
  19.84	  0.0000106079
  19.85	  0.0000104656
  19.86	  0.0000103195
  19.87	  0.0000101700
  19.88	  0.0000100169
  19.89	  0.0000098605
  19.90	  0.0000097008
  19.91	  0.0000095380
  19.92	  0.0000093722
  19.93	  0.0000092034
  19.94	  0.0000090318
  19.95	  0.0000088576
  19.96	  0.0000086807
  19.97	  0.0000085014
  19.98	  0.0000083197
  19.99	  0.0000081358
  20.00	  0.0000079497
  20.01	  0.0000077616
  20.02	  0.0000075716
  20.03	  0.0000073798
  20.04	  0.0000071863
  20.05	  0.0000069913
  20.06	  0.0000067947
  20.07	  0.0000065968
  20.08	  0.0000063977
  20.09	  0.0000061974
  20.10	  0.0000059961
  20.11	  0.0000057938
  20.12	  0.0000055908
  20.13	  0.0000053870
  20.14	  0.0000051827
  20.15	  0.0000049779
  20.16	  0.0000047726
  20.17	  0.0000045671
  20.18	  0.0000043614
  20.19	  0.0000041556
  20.20	  0.0000039499
  20.21	  0.0000037442
  20.22	  0.0000035388
  20.23	  0.0000033337
  20.24	  0.0000031290
  20.25	  0.0000029249
  20.26	  0.0000027213
  20.27	  0.0000025184
  20.28	  0.0000023164
  20.29	  0.0000021152
  20.30	  0.0000019150
  20.31	  0.0000017158
  20.32	  0.0000015178
  20.33	  0.0000013210
  20.34	  0.0000011255
  20.35	  0.0000009314
  20.36	  0.0000007388
  20.37	  0.0000005478
  20.38	  0.0000003584
  20.39	  0.0000001707
  20.40	  -0.0000000152
  20.41	  -0.0000001993
  20.42	  -0.0000003814
  20.43	  -0.0000005616
  20.44	  -0.0000007396
  20.45	  -0.0000009156
  20.46	  -0.0000010893
  20.47	  -0.0000012608
  20.48	  -0.0000014299
  20.49	  -0.0000015967
  20.50	  -0.0000017610
  20.51	  -0.0000019229
  20.52	  -0.0000020822
  20.53	  -0.0000022389
  20.54	  -0.0000023929
  20.55	  -0.0000025443
  20.56	  -0.0000026929
  20.57	  -0.0000028387
  20.58	  -0.0000029817
  20.59	  -0.0000031218
  20.60	  -0.0000032589
  20.61	  -0.0000033932
  20.62	  -0.0000035244
  20.63	  -0.0000036526
  20.64	  -0.0000037778
  20.65	  -0.0000038998
  20.66	  -0.0000040188
  20.67	  -0.0000041346
  20.68	  -0.0000042472
  20.69	  -0.0000043567
  20.70	  -0.0000044629
  20.71	  -0.0000045659
  20.72	  -0.0000046657
  20.73	  -0.0000047622
  20.74	  -0.0000048554
  20.75	  -0.0000049453
  20.76	  -0.0000050319
  20.77	  -0.0000051152
  20.78	  -0.0000051951
  20.79	  -0.0000052718
  20.80	  -0.0000053451
  20.81	  -0.0000054150
  20.82	  -0.0000054817
  20.83	  -0.0000055450
  20.84	  -0.0000056049
  20.85	  -0.0000056616
  20.86	  -0.0000057149
  20.87	  -0.0000057649
  20.88	  -0.0000058116
  20.89	  -0.0000058549
  20.90	  -0.0000058950
  20.91	  -0.0000059319
  20.92	  -0.0000059654
  20.93	  -0.0000059958
  20.94	  -0.0000060229
  20.95	  -0.0000060468
  20.96	  -0.0000060675
  20.97	  -0.0000060850
  20.98	  -0.0000060994
  20.99	  -0.0000061107
  21.00	  -0.0000061189
  21.01	  -0.0000061240
  21.02	  -0.0000061261
  21.03	  -0.0000061252
  21.04	  -0.0000061213
  21.05	  -0.0000061145
  21.06	  -0.0000061047
  21.07	  -0.0000060921
  21.08	  -0.0000060766
  21.09	  -0.0000060583
  21.10	  -0.0000060373
  21.11	  -0.0000060135
  21.12	  -0.0000059870
  21.13	  -0.0000059579
  21.14	  -0.0000059261
  21.15	  -0.0000058918
  21.16	  -0.0000058549
  21.17	  -0.0000058156
  21.18	  -0.0000057738
  21.19	  -0.0000057296
  21.20	  -0.0000056831
  21.21	  -0.0000056342
  21.22	  -0.0000055831
  21.23	  -0.0000055298
  21.24	  -0.0000054743
  21.25	  -0.0000054167
  21.26	  -0.0000053570
  21.27	  -0.0000052953
  21.28	  -0.0000052316
  21.29	  -0.0000051661
  21.30	  -0.0000050986
  21.31	  -0.0000050294
  21.32	  -0.0000049583
  21.33	  -0.0000048856
  21.34	  -0.0000048112
  21.35	  -0.0000047352
  21.36	  -0.0000046577
  21.37	  -0.0000045786
  21.38	  -0.0000044981
  21.39	  -0.0000044162
  21.40	  -0.0000043330
  21.41	  -0.0000042485
  21.42	  -0.0000041627
  21.43	  -0.0000040758
  21.44	  -0.0000039878
  21.45	  -0.0000038987
  21.46	  -0.0000038086
  21.47	  -0.0000037175
  21.48	  -0.0000036255
  21.49	  -0.0000035326
  21.50	  -0.0000034390
  21.51	  -0.0000033446
  21.52	  -0.0000032495
  21.53	  -0.0000031538
  21.54	  -0.0000030575
  21.55	  -0.0000029607
  21.56	  -0.0000028634
  21.57	  -0.0000027656
  21.58	  -0.0000026675
  21.59	  -0.0000025691
  21.60	  -0.0000024704
  21.61	  -0.0000023714
  21.62	  -0.0000022723
  21.63	  -0.0000021731
  21.64	  -0.0000020738
  21.65	  -0.0000019745
  21.66	  -0.0000018752
  21.67	  -0.0000017760
  21.68	  -0.0000016769
  21.69	  -0.0000015779
  21.70	  -0.0000014792
  21.71	  -0.0000013807
  21.72	  -0.0000012826
  21.73	  -0.0000011848
  21.74	  -0.0000010874
  21.75	  -0.0000009904
  21.76	  -0.0000008939
  21.77	  -0.0000007980
  21.78	  -0.0000007026
  21.79	  -0.0000006078
  21.80	  -0.0000005137
  21.81	  -0.0000004202
  21.82	  -0.0000003275
  21.83	  -0.0000002355
  21.84	  -0.0000001443
  21.85	  -0.0000000540
  21.86	  0.0000000354
  21.87	  0.0000001240
  21.88	  0.0000002116
  21.89	  0.0000002982
  21.90	  0.0000003839
  21.91	  0.0000004685
  21.92	  0.0000005520
  21.93	  0.0000006344
  21.94	  0.0000007157
  21.95	  0.0000007958
  21.96	  0.0000008747
  21.97	  0.0000009525
  21.98	  0.0000010290
  21.99	  0.0000011042
  22.00	  0.0000011781
  22.01	  0.0000012508
  22.02	  0.0000013221
  22.03	  0.0000013920
  22.04	  0.0000014606
  22.05	  0.0000015278
  22.06	  0.0000015935
  22.07	  0.0000016579
  22.08	  0.0000017208
  22.09	  0.0000017822
  22.10	  0.0000018421
  22.11	  0.0000019006
  22.12	  0.0000019575
  22.13	  0.0000020129
  22.14	  0.0000020668
  22.15	  0.0000021192
  22.16	  0.0000021699
  22.17	  0.0000022192
  22.18	  0.0000022668
  22.19	  0.0000023129
  22.20	  0.0000023574
  22.21	  0.0000024003
  22.22	  0.0000024416
  22.23	  0.0000024813
  22.24	  0.0000025193
  22.25	  0.0000025558
  22.26	  0.0000025907
  22.27	  0.0000026240
  22.28	  0.0000026556
  22.29	  0.0000026857
  22.30	  0.0000027141
  22.31	  0.0000027409
  22.32	  0.0000027662
  22.33	  0.0000027898
  22.34	  0.0000028118
  22.35	  0.0000028323
  22.36	  0.0000028511
  22.37	  0.0000028684
  22.38	  0.0000028841
  22.39	  0.0000028982
  22.40	  0.0000029108
  22.41	  0.0000029219
  22.42	  0.0000029314
  22.43	  0.0000029394
  22.44	  0.0000029459
  22.45	  0.0000029508
  22.46	  0.0000029543
  22.47	  0.0000029563
  22.48	  0.0000029569
  22.49	  0.0000029560
  22.50	  0.0000029537
  22.51	  0.0000029499
  22.52	  0.0000029448
  22.53	  0.0000029382
  22.54	  0.0000029303
  22.55	  0.0000029211
  22.56	  0.0000029105
  22.57	  0.0000028986
  22.58	  0.0000028854
  22.59	  0.0000028710
  22.60	  0.0000028553
  22.61	  0.0000028383
  22.62	  0.0000028201
  22.63	  0.0000028008
  22.64	  0.0000027802
  22.65	  0.0000027585
  22.66	  0.0000027357
  22.67	  0.0000027118
  22.68	  0.0000026868
  22.69	  0.0000026607
  22.70	  0.0000026336
  22.71	  0.0000026055
  22.72	  0.0000025764
  22.73	  0.0000025463
  22.74	  0.0000025153
  22.75	  0.0000024833
  22.76	  0.0000024505
  22.77	  0.0000024168
  22.78	  0.0000023822
  22.79	  0.0000023469
  22.80	  0.0000023107
  22.81	  0.0000022738
  22.82	  0.0000022361
  22.83	  0.0000021978
  22.84	  0.0000021587
  22.85	  0.0000021190
  22.86	  0.0000020786
  22.87	  0.0000020376
  22.88	  0.0000019961
  22.89	  0.0000019539
  22.90	  0.0000019113
  22.91	  0.0000018681
  22.92	  0.0000018245
  22.93	  0.0000017804
  22.94	  0.0000017358
  22.95	  0.0000016909
  22.96	  0.0000016456
  22.97	  0.0000015999
  22.98	  0.0000015539
  22.99	  0.0000015076
  23.00	  0.0000014611
  23.01	  0.0000014143
  23.02	  0.0000013672
  23.03	  0.0000013200
  23.04	  0.0000012726
  23.05	  0.0000012250
  23.06	  0.0000011773
  23.07	  0.0000011296
  23.08	  0.0000010817
  23.09	  0.0000010338
  23.10	  0.0000009859
  23.11	  0.0000009379
  23.12	  0.0000008900
  23.13	  0.0000008421
  23.14	  0.0000007943
  23.15	  0.0000007466
  23.16	  0.0000006990
  23.17	  0.0000006515
  23.18	  0.0000006042
  23.19	  0.0000005570
  23.20	  0.0000005101
  23.21	  0.0000004633
  23.22	  0.0000004169
  23.23	  0.0000003706
  23.24	  0.0000003247
  23.25	  0.0000002790
  23.26	  0.0000002337
  23.27	  0.0000001887
  23.28	  0.0000001440
  23.29	  0.0000000998
  23.30	  0.0000000559
  23.31	  0.0000000124
  23.32	  -0.0000000306
  23.33	  -0.0000000732
  23.34	  -0.0000001154
  23.35	  -0.0000001570
  23.36	  -0.0000001982
  23.37	  -0.0000002389
  23.38	  -0.0000002790
  23.39	  -0.0000003186
  23.40	  -0.0000003577
  23.41	  -0.0000003962
  23.42	  -0.0000004341
  23.43	  -0.0000004714
  23.44	  -0.0000005082
  23.45	  -0.0000005443
  23.46	  -0.0000005798
  23.47	  -0.0000006146
  23.48	  -0.0000006488
  23.49	  -0.0000006824
  23.50	  -0.0000007153
  23.51	  -0.0000007475
  23.52	  -0.0000007790
  23.53	  -0.0000008098
  23.54	  -0.0000008400
  23.55	  -0.0000008694
  23.56	  -0.0000008981
  23.57	  -0.0000009261
  23.58	  -0.0000009533
  23.59	  -0.0000009798
  23.60	  -0.0000010056
  23.61	  -0.0000010306
  23.62	  -0.0000010549
  23.63	  -0.0000010784
  23.64	  -0.0000011012
  23.65	  -0.0000011232
  23.66	  -0.0000011444
  23.67	  -0.0000011649
  23.68	  -0.0000011846
  23.69	  -0.0000012035
  23.70	  -0.0000012216
  23.71	  -0.0000012390
  23.72	  -0.0000012556
  23.73	  -0.0000012714
  23.74	  -0.0000012864
  23.75	  -0.0000013007
  23.76	  -0.0000013142
  23.77	  -0.0000013269
  23.78	  -0.0000013388
  23.79	  -0.0000013500
  23.80	  -0.0000013604
  23.81	  -0.0000013700
  23.82	  -0.0000013788
  23.83	  -0.0000013869
  23.84	  -0.0000013943
  23.85	  -0.0000014009
  23.86	  -0.0000014067
  23.87	  -0.0000014118
  23.88	  -0.0000014162
  23.89	  -0.0000014198
  23.90	  -0.0000014227
  23.91	  -0.0000014249
  23.92	  -0.0000014263
  23.93	  -0.0000014271
  23.94	  -0.0000014271
  23.95	  -0.0000014265
  23.96	  -0.0000014251
  23.97	  -0.0000014231
  23.98	  -0.0000014204
  23.99	  -0.0000014171
  24.00	  -0.0000014130
  24.01	  -0.0000014084
  24.02	  -0.0000014031
  24.03	  -0.0000013971
  24.04	  -0.0000013906
  24.05	  -0.0000013834
  24.06	  -0.0000013756
  24.07	  -0.0000013672
  24.08	  -0.0000013583
  24.09	  -0.0000013488
  24.10	  -0.0000013387
  24.11	  -0.0000013280
  24.12	  -0.0000013169
  24.13	  -0.0000013051
  24.14	  -0.0000012929
  24.15	  -0.0000012802
  24.16	  -0.0000012669
  24.17	  -0.0000012532
  24.18	  -0.0000012390
  24.19	  -0.0000012243
  24.20	  -0.0000012092
  24.21	  -0.0000011937
  24.22	  -0.0000011777
  24.23	  -0.0000011613
  24.24	  -0.0000011445
  24.25	  -0.0000011273
  24.26	  -0.0000011097
  24.27	  -0.0000010918
  24.28	  -0.0000010735
  24.29	  -0.0000010549
  24.30	  -0.0000010359
  24.31	  -0.0000010166
  24.32	  -0.0000009971
  24.33	  -0.0000009772
  24.34	  -0.0000009571
  24.35	  -0.0000009366
  24.36	  -0.0000009160
  24.37	  -0.0000008951
  24.38	  -0.0000008739
  24.39	  -0.0000008526
  24.40	  -0.0000008310
  24.41	  -0.0000008093
  24.42	  -0.0000007873
  24.43	  -0.0000007652
  24.44	  -0.0000007430
  24.45	  -0.0000007206
  24.46	  -0.0000006981
  24.47	  -0.0000006755
  24.48	  -0.0000006527
  24.49	  -0.0000006299
  24.50	  -0.0000006070
  24.51	  -0.0000005840
  24.52	  -0.0000005610
  24.53	  -0.0000005379
  24.54	  -0.0000005148
  24.55	  -0.0000004917
  24.56	  -0.0000004685
  24.57	  -0.0000004454
  24.58	  -0.0000004223
  24.59	  -0.0000003992
  24.60	  -0.0000003761
  24.61	  -0.0000003531
  24.62	  -0.0000003301
  24.63	  -0.0000003072
  24.64	  -0.0000002844
  24.65	  -0.0000002617
  24.66	  -0.0000002391
  24.67	  -0.0000002166
  24.68	  -0.0000001942
  24.69	  -0.0000001719
  24.70	  -0.0000001497
  24.71	  -0.0000001278
  24.72	  -0.0000001059
  24.73	  -0.0000000843
  24.74	  -0.0000000628
  24.75	  -0.0000000415
  24.76	  -0.0000000203
  24.77	  0.0000000006
  24.78	  0.0000000213
  24.79	  0.0000000418
  24.80	  0.0000000620
  24.81	  0.0000000821
  24.82	  0.0000001019
  24.83	  0.0000001214
  24.84	  0.0000001407
  24.85	  0.0000001598
  24.86	  0.0000001785
  24.87	  0.0000001970
  24.88	  0.0000002152
  24.89	  0.0000002332
  24.90	  0.0000002508
  24.91	  0.0000002681
  24.92	  0.0000002852
  24.93	  0.0000003019
  24.94	  0.0000003183
  24.95	  0.0000003344
  24.96	  0.0000003502
  24.97	  0.0000003656
  24.98	  0.0000003807
  24.99	  0.0000003955
  25.00	  0.0000004099
  25.01	  0.0000004240
  25.02	  0.0000004378
  25.03	  0.0000004512
  25.04	  0.0000004642
  25.05	  0.0000004769
  25.06	  0.0000004892
  25.07	  0.0000005012
  25.08	  0.0000005128
  25.09	  0.0000005240
  25.10	  0.0000005349
  25.11	  0.0000005454
  25.12	  0.0000005555
  25.13	  0.0000005653
  25.14	  0.0000005747
  25.15	  0.0000005837
  25.16	  0.0000005923
  25.17	  0.0000006006
  25.18	  0.0000006085
  25.19	  0.0000006160
  25.20	  0.0000006231
  25.21	  0.0000006299
  25.22	  0.0000006363
  25.23	  0.0000006423
  25.24	  0.0000006479
  25.25	  0.0000006532
  25.26	  0.0000006581
  25.27	  0.0000006626
  25.28	  0.0000006668
  25.29	  0.0000006706
  25.30	  0.0000006740
  25.31	  0.0000006771
  25.32	  0.0000006798
  25.33	  0.0000006821
  25.34	  0.0000006841
  25.35	  0.0000006858
  25.36	  0.0000006871
  25.37	  0.0000006880
  25.38	  0.0000006886
  25.39	  0.0000006888
  25.40	  0.0000006888
  25.41	  0.0000006883
  25.42	  0.0000006876
  25.43	  0.0000006865
  25.44	  0.0000006851
  25.45	  0.0000006834
  25.46	  0.0000006814
  25.47	  0.0000006790
  25.48	  0.0000006763
  25.49	  0.0000006734
  25.50	  0.0000006701
  25.51	  0.0000006666
  25.52	  0.0000006627
  25.53	  0.0000006586
  25.54	  0.0000006542
  25.55	  0.0000006495
  25.56	  0.0000006445
  25.57	  0.0000006393
  25.58	  0.0000006338
  25.59	  0.0000006281
  25.60	  0.0000006221
  25.61	  0.0000006159
  25.62	  0.0000006094
  25.63	  0.0000006027
  25.64	  0.0000005958
  25.65	  0.0000005887
  25.66	  0.0000005813
  25.67	  0.0000005737
  25.68	  0.0000005660
  25.69	  0.0000005580
  25.70	  0.0000005498
  25.71	  0.0000005415
  25.72	  0.0000005329
  25.73	  0.0000005242
  25.74	  0.0000005153
  25.75	  0.0000005063
  25.76	  0.0000004971
  25.77	  0.0000004877
  25.78	  0.0000004782
  25.79	  0.0000004686
  25.80	  0.0000004588
  25.81	  0.0000004490
  25.82	  0.0000004389
  25.83	  0.0000004288
  25.84	  0.0000004186
  25.85	  0.0000004082
  25.86	  0.0000003978
  25.87	  0.0000003873
  25.88	  0.0000003767
  25.89	  0.0000003660
  25.90	  0.0000003552
  25.91	  0.0000003444
  25.92	  0.0000003335
  25.93	  0.0000003226
  25.94	  0.0000003116
  25.95	  0.0000003006
  25.96	  0.0000002895
  25.97	  0.0000002784
  25.98	  0.0000002673
  25.99	  0.0000002561
  26.00	  0.0000002450
  26.01	  0.0000002338
  26.02	  0.0000002226
  26.03	  0.0000002115
  26.04	  0.0000002003
  26.05	  0.0000001892
  26.06	  0.0000001780
  26.07	  0.0000001669
  26.08	  0.0000001559
  26.09	  0.0000001448
  26.10	  0.0000001338
  26.11	  0.0000001229
  26.12	  0.0000001120
  26.13	  0.0000001011
  26.14	  0.0000000903
  26.15	  0.0000000796
  26.16	  0.0000000689
  26.17	  0.0000000583
  26.18	  0.0000000478
  26.19	  0.0000000374
  26.20	  0.0000000270
  26.21	  0.0000000168
  26.22	  0.0000000066
  26.23	  -0.0000000034
  26.24	  -0.0000000134
  26.25	  -0.0000000233
  26.26	  -0.0000000330
  26.27	  -0.0000000426
  26.28	  -0.0000000522
  26.29	  -0.0000000616
  26.30	  -0.0000000708
  26.31	  -0.0000000800
  26.32	  -0.0000000890
  26.33	  -0.0000000979
  26.34	  -0.0000001066
  26.35	  -0.0000001152
  26.36	  -0.0000001237
  26.37	  -0.0000001320
  26.38	  -0.0000001402
  26.39	  -0.0000001482
  26.40	  -0.0000001561
  26.41	  -0.0000001638
  26.42	  -0.0000001714
  26.43	  -0.0000001788
  26.44	  -0.0000001860
  26.45	  -0.0000001931
  26.46	  -0.0000002000
  26.47	  -0.0000002068
  26.48	  -0.0000002134
  26.49	  -0.0000002198
  26.50	  -0.0000002260
  26.51	  -0.0000002321
  26.52	  -0.0000002380
  26.53	  -0.0000002437
  26.54	  -0.0000002492
  26.55	  -0.0000002546
  26.56	  -0.0000002598
  26.57	  -0.0000002648
  26.58	  -0.0000002696
  26.59	  -0.0000002743
  26.60	  -0.0000002788
  26.61	  -0.0000002831
  26.62	  -0.0000002872
  26.63	  -0.0000002911
  26.64	  -0.0000002949
  26.65	  -0.0000002984
  26.66	  -0.0000003018
  26.67	  -0.0000003050
  26.68	  -0.0000003080
  26.69	  -0.0000003109
  26.70	  -0.0000003136
  26.71	  -0.0000003160
  26.72	  -0.0000003184
  26.73	  -0.0000003205
  26.74	  -0.0000003224
  26.75	  -0.0000003242
  26.76	  -0.0000003258
  26.77	  -0.0000003272
  26.78	  -0.0000003285
  26.79	  -0.0000003296
  26.80	  -0.0000003305
  26.81	  -0.0000003312
  26.82	  -0.0000003318
  26.83	  -0.0000003322
  26.84	  -0.0000003324
  26.85	  -0.0000003325
  26.86	  -0.0000003324
  26.87	  -0.0000003321
  26.88	  -0.0000003317
  26.89	  -0.0000003312
  26.90	  -0.0000003304
  26.91	  -0.0000003296
  26.92	  -0.0000003285
  26.93	  -0.0000003273
  26.94	  -0.0000003260
  26.95	  -0.0000003245
  26.96	  -0.0000003229
  26.97	  -0.0000003212
  26.98	  -0.0000003193
  26.99	  -0.0000003172
  27.00	  -0.0000003151
  27.01	  -0.0000003128
  27.02	  -0.0000003103
  27.03	  -0.0000003078
  27.04	  -0.0000003051
  27.05	  -0.0000003023
  27.06	  -0.0000002993
  27.07	  -0.0000002963
  27.08	  -0.0000002931
  27.09	  -0.0000002899
  27.10	  -0.0000002865
  27.11	  -0.0000002830
  27.12	  -0.0000002794
  27.13	  -0.0000002757
  27.14	  -0.0000002720
  27.15	  -0.0000002681
  27.16	  -0.0000002641
  27.17	  -0.0000002601
  27.18	  -0.0000002559
  27.19	  -0.0000002517
  27.20	  -0.0000002474
  27.21	  -0.0000002430
  27.22	  -0.0000002385
  27.23	  -0.0000002340
  27.24	  -0.0000002294
  27.25	  -0.0000002247
  27.26	  -0.0000002200
  27.27	  -0.0000002152
  27.28	  -0.0000002103
  27.29	  -0.0000002054
  27.30	  -0.0000002005
  27.31	  -0.0000001955
  27.32	  -0.0000001904
  27.33	  -0.0000001853
  27.34	  -0.0000001802
  27.35	  -0.0000001750
  27.36	  -0.0000001698
  27.37	  -0.0000001646
  27.38	  -0.0000001593
  27.39	  -0.0000001540
  27.40	  -0.0000001487
  27.41	  -0.0000001434
  27.42	  -0.0000001380
  27.43	  -0.0000001327
  27.44	  -0.0000001273
  27.45	  -0.0000001219
  27.46	  -0.0000001165
  27.47	  -0.0000001111
  27.48	  -0.0000001058
  27.49	  -0.0000001004
  27.50	  -0.0000000950
  27.51	  -0.0000000896
  27.52	  -0.0000000842
  27.53	  -0.0000000789
  27.54	  -0.0000000735
  27.55	  -0.0000000682
  27.56	  -0.0000000629
  27.57	  -0.0000000576
  27.58	  -0.0000000524
  27.59	  -0.0000000472
  27.60	  -0.0000000420
  27.61	  -0.0000000368
  27.62	  -0.0000000317
  27.63	  -0.0000000266
  27.64	  -0.0000000215
  27.65	  -0.0000000165
  27.66	  -0.0000000115
  27.67	  -0.0000000066
  27.68	  -0.0000000017
  27.69	  0.0000000032
  27.70	  0.0000000080
  27.71	  0.0000000127
  27.72	  0.0000000174
  27.73	  0.0000000220
  27.74	  0.0000000266
  27.75	  0.0000000311
  27.76	  0.0000000356
  27.77	  0.0000000400
  27.78	  0.0000000443
  27.79	  0.0000000486
  27.80	  0.0000000528
  27.81	  0.0000000569
  27.82	  0.0000000610
  27.83	  0.0000000650
  27.84	  0.0000000689
  27.85	  0.0000000727
  27.86	  0.0000000765
  27.87	  0.0000000802
  27.88	  0.0000000839
  27.89	  0.0000000874
  27.90	  0.0000000909
  27.91	  0.0000000943
  27.92	  0.0000000976
  27.93	  0.0000001008
  27.94	  0.0000001040
  27.95	  0.0000001070
  27.96	  0.0000001100
  27.97	  0.0000001129
  27.98	  0.0000001157
  27.99	  0.0000001185
  28.00	  0.0000001211
  28.01	  0.0000001237
  28.02	  0.0000001262
  28.03	  0.0000001286
  28.04	  0.0000001309
  28.05	  0.0000001331
  28.06	  0.0000001352
  28.07	  0.0000001373
  28.08	  0.0000001392
  28.09	  0.0000001411
  28.10	  0.0000001429
  28.11	  0.0000001446
  28.12	  0.0000001462
  28.13	  0.0000001477
  28.14	  0.0000001491
  28.15	  0.0000001505
  28.16	  0.0000001517
  28.17	  0.0000001529
  28.18	  0.0000001540
  28.19	  0.0000001550
  28.20	  0.0000001559
  28.21	  0.0000001567
  28.22	  0.0000001575
  28.23	  0.0000001581
  28.24	  0.0000001587
  28.25	  0.0000001592
  28.26	  0.0000001596
  28.27	  0.0000001600
  28.28	  0.0000001602
  28.29	  0.0000001604
  28.30	  0.0000001605
  28.31	  0.0000001605
  28.32	  0.0000001604
  28.33	  0.0000001603
  28.34	  0.0000001600
  28.35	  0.0000001597
  28.36	  0.0000001594
  28.37	  0.0000001589
  28.38	  0.0000001584
  28.39	  0.0000001578
  28.40	  0.0000001571
  28.41	  0.0000001564
  28.42	  0.0000001556
  28.43	  0.0000001547
  28.44	  0.0000001538
  28.45	  0.0000001528
  28.46	  0.0000001517
  28.47	  0.0000001506
  28.48	  0.0000001494
  28.49	  0.0000001481
  28.50	  0.0000001468
  28.51	  0.0000001455
  28.52	  0.0000001440
  28.53	  0.0000001425
  28.54	  0.0000001410
  28.55	  0.0000001394
  28.56	  0.0000001378
  28.57	  0.0000001361
  28.58	  0.0000001343
  28.59	  0.0000001325
  28.60	  0.0000001307
  28.61	  0.0000001288
  28.62	  0.0000001269
  28.63	  0.0000001249
  28.64	  0.0000001229
  28.65	  0.0000001208
  28.66	  0.0000001187
  28.67	  0.0000001166
  28.68	  0.0000001144
  28.69	  0.0000001122
  28.70	  0.0000001100
  28.71	  0.0000001077
  28.72	  0.0000001054
  28.73	  0.0000001031
  28.74	  0.0000001008
  28.75	  0.0000000984
  28.76	  0.0000000960
  28.77	  0.0000000936
  28.78	  0.0000000911
  28.79	  0.0000000887
  28.80	  0.0000000862
  28.81	  0.0000000837
  28.82	  0.0000000812
  28.83	  0.0000000786
  28.84	  0.0000000761
  28.85	  0.0000000735
  28.86	  0.0000000710
  28.87	  0.0000000684
  28.88	  0.0000000658
  28.89	  0.0000000632
  28.90	  0.0000000606
  28.91	  0.0000000580
  28.92	  0.0000000554
  28.93	  0.0000000528
  28.94	  0.0000000502
  28.95	  0.0000000476
  28.96	  0.0000000450
  28.97	  0.0000000424
  28.98	  0.0000000398
  28.99	  0.0000000373
  29.00	  0.0000000347
  29.01	  0.0000000321
  29.02	  0.0000000296
  29.03	  0.0000000270
  29.04	  0.0000000245
  29.05	  0.0000000220
  29.06	  0.0000000195
  29.07	  0.0000000170
  29.08	  0.0000000145
  29.09	  0.0000000120
  29.10	  0.0000000096
  29.11	  0.0000000072
  29.12	  0.0000000048
  29.13	  0.0000000024
  29.14	  0.0000000001
  29.15	  -0.0000000023
  29.16	  -0.0000000046
  29.17	  -0.0000000069
  29.18	  -0.0000000091
  29.19	  -0.0000000113
  29.20	  -0.0000000135
  29.21	  -0.0000000157
  29.22	  -0.0000000178
  29.23	  -0.0000000200
  29.24	  -0.0000000220
  29.25	  -0.0000000241
  29.26	  -0.0000000261
  29.27	  -0.0000000281
  29.28	  -0.0000000300
  29.29	  -0.0000000320
  29.30	  -0.0000000338
  29.31	  -0.0000000357
  29.32	  -0.0000000375
  29.33	  -0.0000000393
  29.34	  -0.0000000410
  29.35	  -0.0000000427
  29.36	  -0.0000000444
  29.37	  -0.0000000460
  29.38	  -0.0000000476
  29.39	  -0.0000000491
  29.40	  -0.0000000507
  29.41	  -0.0000000521
  29.42	  -0.0000000535
  29.43	  -0.0000000549
  29.44	  -0.0000000563
  29.45	  -0.0000000576
  29.46	  -0.0000000589
  29.47	  -0.0000000601
  29.48	  -0.0000000613
  29.49	  -0.0000000624
  29.50	  -0.0000000635
  29.51	  -0.0000000646
  29.52	  -0.0000000656
  29.53	  -0.0000000666
  29.54	  -0.0000000675
  29.55	  -0.0000000684
  29.56	  -0.0000000692
  29.57	  -0.0000000700
  29.58	  -0.0000000708
  29.59	  -0.0000000715
  29.60	  -0.0000000722
  29.61	  -0.0000000728
  29.62	  -0.0000000734
  29.63	  -0.0000000740
  29.64	  -0.0000000745
  29.65	  -0.0000000750
  29.66	  -0.0000000754
  29.67	  -0.0000000758
  29.68	  -0.0000000761
  29.69	  -0.0000000764
  29.70	  -0.0000000767
  29.71	  -0.0000000769
  29.72	  -0.0000000771
  29.73	  -0.0000000772
  29.74	  -0.0000000774
  29.75	  -0.0000000774
  29.76	  -0.0000000775
  29.77	  -0.0000000774
  29.78	  -0.0000000774
  29.79	  -0.0000000773
  29.80	  -0.0000000772
  29.81	  -0.0000000770
  29.82	  -0.0000000769
  29.83	  -0.0000000766
  29.84	  -0.0000000764
  29.85	  -0.0000000761
  29.86	  -0.0000000757
  29.87	  -0.0000000754
  29.88	  -0.0000000750
  29.89	  -0.0000000745
  29.90	  -0.0000000741
  29.91	  -0.0000000736
  29.92	  -0.0000000731
  29.93	  -0.0000000725
  29.94	  -0.0000000719
  29.95	  -0.0000000713
  29.96	  -0.0000000707
  29.97	  -0.0000000700
  29.98	  -0.0000000693
  29.99	  -0.0000000686
  30.00	  -0.0000000678
  30.01	  -0.0000000670
  30.02	  -0.0000000662
  30.03	  -0.0000000654
  30.04	  -0.0000000646
  30.05	  -0.0000000637
  30.06	  -0.0000000628
  30.07	  -0.0000000619
  30.08	  -0.0000000609
  30.09	  -0.0000000600
  30.10	  -0.0000000590
  30.11	  -0.0000000580
  30.12	  -0.0000000570
  30.13	  -0.0000000560
  30.14	  -0.0000000549
  30.15	  -0.0000000538
  30.16	  -0.0000000528
  30.17	  -0.0000000517
  30.18	  -0.0000000505
  30.19	  -0.0000000494
  30.20	  -0.0000000483
  30.21	  -0.0000000471
  30.22	  -0.0000000460
  30.23	  -0.0000000448
  30.24	  -0.0000000436
  30.25	  -0.0000000424
  30.26	  -0.0000000412
  30.27	  -0.0000000400
  30.28	  -0.0000000388
  30.29	  -0.0000000376
  30.30	  -0.0000000363
  30.31	  -0.0000000351
  30.32	  -0.0000000339
  30.33	  -0.0000000326
  30.34	  -0.0000000314
  30.35	  -0.0000000301
  30.36	  -0.0000000289
  30.37	  -0.0000000276
  30.38	  -0.0000000264
  30.39	  -0.0000000251
  30.40	  -0.0000000238
  30.41	  -0.0000000226
  30.42	  -0.0000000213
  30.43	  -0.0000000201
  30.44	  -0.0000000188
  30.45	  -0.0000000176
  30.46	  -0.0000000164
  30.47	  -0.0000000151
  30.48	  -0.0000000139
  30.49	  -0.0000000127
  30.50	  -0.0000000114
  30.51	  -0.0000000102
  30.52	  -0.0000000090
  30.53	  -0.0000000078
  30.54	  -0.0000000066
  30.55	  -0.0000000054
  30.56	  -0.0000000043
  30.57	  -0.0000000031
  30.58	  -0.0000000020
  30.59	  -0.0000000008
  30.60	  0.0000000003
  30.61	  0.0000000014
  30.62	  0.0000000026
  30.63	  0.0000000037
  30.64	  0.0000000047
  30.65	  0.0000000058
  30.66	  0.0000000069
  30.67	  0.0000000079
  30.68	  0.0000000089
  30.69	  0.0000000100
  30.70	  0.0000000110
  30.71	  0.0000000119
  30.72	  0.0000000129
  30.73	  0.0000000139
  30.74	  0.0000000148
  30.75	  0.0000000157
  30.76	  0.0000000166
  30.77	  0.0000000175
  30.78	  0.0000000184
  30.79	  0.0000000192
  30.80	  0.0000000201
  30.81	  0.0000000209
  30.82	  0.0000000217
  30.83	  0.0000000224
  30.84	  0.0000000232
  30.85	  0.0000000240
  30.86	  0.0000000247
  30.87	  0.0000000254
  30.88	  0.0000000261
  30.89	  0.0000000267
  30.90	  0.0000000274
  30.91	  0.0000000280
  30.92	  0.0000000286
  30.93	  0.0000000292
  30.94	  0.0000000297
  30.95	  0.0000000303
  30.96	  0.0000000308
  30.97	  0.0000000313
  30.98	  0.0000000318
  30.99	  0.0000000323
  31.00	  0.0000000327
  31.01	  0.0000000331
  31.02	  0.0000000335
  31.03	  0.0000000339
  31.04	  0.0000000343
  31.05	  0.0000000346
  31.06	  0.0000000349
  31.07	  0.0000000352
  31.08	  0.0000000355
  31.09	  0.0000000358
  31.10	  0.0000000360
  31.11	  0.0000000362
  31.12	  0.0000000364
  31.13	  0.0000000366
  31.14	  0.0000000368
  31.15	  0.0000000369
  31.16	  0.0000000371
  31.17	  0.0000000372
  31.18	  0.0000000372
  31.19	  0.0000000373
  31.20	  0.0000000374
  31.21	  0.0000000374
  31.22	  0.0000000374
  31.23	  0.0000000374
  31.24	  0.0000000373
  31.25	  0.0000000373
  31.26	  0.0000000372
  31.27	  0.0000000372
  31.28	  0.0000000371
  31.29	  0.0000000369
  31.30	  0.0000000368
  31.31	  0.0000000367
  31.32	  0.0000000365
  31.33	  0.0000000363
  31.34	  0.0000000361
  31.35	  0.0000000359
  31.36	  0.0000000357
  31.37	  0.0000000354
  31.38	  0.0000000352
  31.39	  0.0000000349
  31.40	  0.0000000346
  31.41	  0.0000000343
  31.42	  0.0000000340
  31.43	  0.0000000337
  31.44	  0.0000000333
  31.45	  0.0000000330
  31.46	  0.0000000326
  31.47	  0.0000000322
  31.48	  0.0000000318
  31.49	  0.0000000314
  31.50	  0.0000000310
  31.51	  0.0000000306
  31.52	  0.0000000302
  31.53	  0.0000000297
  31.54	  0.0000000293
  31.55	  0.0000000288
  31.56	  0.0000000283
  31.57	  0.0000000278
  31.58	  0.0000000273
  31.59	  0.0000000268
  31.60	  0.0000000263
  31.61	  0.0000000258
  31.62	  0.0000000253
  31.63	  0.0000000248
  31.64	  0.0000000242
  31.65	  0.0000000237
  31.66	  0.0000000231
  31.67	  0.0000000226
  31.68	  0.0000000220
  31.69	  0.0000000214
  31.70	  0.0000000209
  31.71	  0.0000000203
  31.72	  0.0000000197
  31.73	  0.0000000191
  31.74	  0.0000000185
  31.75	  0.0000000179
  31.76	  0.0000000174
  31.77	  0.0000000168
  31.78	  0.0000000162
  31.79	  0.0000000156
  31.80	  0.0000000150
  31.81	  0.0000000143
  31.82	  0.0000000137
  31.83	  0.0000000131
  31.84	  0.0000000125
  31.85	  0.0000000119
  31.86	  0.0000000113
  31.87	  0.0000000107
  31.88	  0.0000000101
  31.89	  0.0000000095
  31.90	  0.0000000089
  31.91	  0.0000000083
  31.92	  0.0000000077
  31.93	  0.0000000071
  31.94	  0.0000000065
  31.95	  0.0000000059
  31.96	  0.0000000053
  31.97	  0.0000000047
  31.98	  0.0000000042
  31.99	  0.0000000036
  32.00	  0.0000000030
  32.01	  0.0000000024
  32.02	  0.0000000019
  32.03	  0.0000000013
  32.04	  0.0000000008
  32.05	  0.0000000002
  32.06	  -0.0000000003
  32.07	  -0.0000000009
  32.08	  -0.0000000014
  32.09	  -0.0000000019
  32.10	  -0.0000000024
  32.11	  -0.0000000030
  32.12	  -0.0000000035
  32.13	  -0.0000000040
  32.14	  -0.0000000045
  32.15	  -0.0000000050
  32.16	  -0.0000000054
  32.17	  -0.0000000059
  32.18	  -0.0000000064
  32.19	  -0.0000000068
  32.20	  -0.0000000073
  32.21	  -0.0000000077
  32.22	  -0.0000000082
  32.23	  -0.0000000086
  32.24	  -0.0000000090
  32.25	  -0.0000000094
  32.26	  -0.0000000098
  32.27	  -0.0000000102
  32.28	  -0.0000000106
  32.29	  -0.0000000110
  32.30	  -0.0000000113
  32.31	  -0.0000000117
  32.32	  -0.0000000120
  32.33	  -0.0000000124
  32.34	  -0.0000000127
  32.35	  -0.0000000130
  32.36	  -0.0000000133
  32.37	  -0.0000000136
  32.38	  -0.0000000139
  32.39	  -0.0000000142
  32.40	  -0.0000000144
  32.41	  -0.0000000147
  32.42	  -0.0000000150
  32.43	  -0.0000000152
  32.44	  -0.0000000154
  32.45	  -0.0000000156
  32.46	  -0.0000000159
  32.47	  -0.0000000161
  32.48	  -0.0000000162
  32.49	  -0.0000000164
  32.50	  -0.0000000166
  32.51	  -0.0000000168
  32.52	  -0.0000000169
  32.53	  -0.0000000171
  32.54	  -0.0000000172
  32.55	  -0.0000000173
  32.56	  -0.0000000174
  32.57	  -0.0000000175
  32.58	  -0.0000000176
  32.59	  -0.0000000177
  32.60	  -0.0000000178
  32.61	  -0.0000000178
  32.62	  -0.0000000179
  32.63	  -0.0000000179
  32.64	  -0.0000000180
  32.65	  -0.0000000180
  32.66	  -0.0000000180
  32.67	  -0.0000000180
  32.68	  -0.0000000180
  32.69	  -0.0000000180
  32.70	  -0.0000000180
  32.71	  -0.0000000180
  32.72	  -0.0000000180
  32.73	  -0.0000000179
  32.74	  -0.0000000179
  32.75	  -0.0000000178
  32.76	  -0.0000000177
  32.77	  -0.0000000177
  32.78	  -0.0000000176
  32.79	  -0.0000000175
  32.80	  -0.0000000174
  32.81	  -0.0000000173
  32.82	  -0.0000000172
  32.83	  -0.0000000171
  32.84	  -0.0000000169
  32.85	  -0.0000000168
  32.86	  -0.0000000167
  32.87	  -0.0000000165
  32.88	  -0.0000000164
  32.89	  -0.0000000162
  32.90	  -0.0000000160
  32.91	  -0.0000000159
  32.92	  -0.0000000157
  32.93	  -0.0000000155
  32.94	  -0.0000000153
  32.95	  -0.0000000151
  32.96	  -0.0000000149
  32.97	  -0.0000000147
  32.98	  -0.0000000145
  32.99	  -0.0000000143
  33.00	  -0.0000000141
  33.01	  -0.0000000138
  33.02	  -0.0000000136
  33.03	  -0.0000000134
  33.04	  -0.0000000131
  33.05	  -0.0000000129
  33.06	  -0.0000000126
  33.07	  -0.0000000124
  33.08	  -0.0000000121
  33.09	  -0.0000000119
  33.10	  -0.0000000116
  33.11	  -0.0000000113
  33.12	  -0.0000000111
  33.13	  -0.0000000108
  33.14	  -0.0000000105
  33.15	  -0.0000000103
  33.16	  -0.0000000100
  33.17	  -0.0000000097
  33.18	  -0.0000000094
  33.19	  -0.0000000091
  33.20	  -0.0000000089
  33.21	  -0.0000000086
  33.22	  -0.0000000083
  33.23	  -0.0000000080
  33.24	  -0.0000000077
  33.25	  -0.0000000074
  33.26	  -0.0000000071
  33.27	  -0.0000000068
  33.28	  -0.0000000065
  33.29	  -0.0000000062
  33.30	  -0.0000000060
  33.31	  -0.0000000057
  33.32	  -0.0000000054
  33.33	  -0.0000000051
  33.34	  -0.0000000048
  33.35	  -0.0000000045
  33.36	  -0.0000000042
  33.37	  -0.0000000039
  33.38	  -0.0000000036
  33.39	  -0.0000000033
  33.40	  -0.0000000031
  33.41	  -0.0000000028
  33.42	  -0.0000000025
  33.43	  -0.0000000022
  33.44	  -0.0000000019
  33.45	  -0.0000000016
  33.46	  -0.0000000014
  33.47	  -0.0000000011
  33.48	  -0.0000000008
  33.49	  -0.0000000006
  33.50	  -0.0000000003
  33.51	  -0.0000000000
  33.52	  0.0000000002
  33.53	  0.0000000005
  33.54	  0.0000000008
  33.55	  0.0000000010
  33.56	  0.0000000013
  33.57	  0.0000000015
  33.58	  0.0000000018
  33.59	  0.0000000020
  33.60	  0.0000000022
  33.61	  0.0000000025
  33.62	  0.0000000027
  33.63	  0.0000000029
  33.64	  0.0000000031
  33.65	  0.0000000034
  33.66	  0.0000000036
  33.67	  0.0000000038
  33.68	  0.0000000040
  33.69	  0.0000000042
  33.70	  0.0000000044
  33.71	  0.0000000046
  33.72	  0.0000000048
  33.73	  0.0000000050
  33.74	  0.0000000052
  33.75	  0.0000000053
  33.76	  0.0000000055
  33.77	  0.0000000057
  33.78	  0.0000000059
  33.79	  0.0000000060
  33.80	  0.0000000062
  33.81	  0.0000000063
  33.82	  0.0000000065
  33.83	  0.0000000066
  33.84	  0.0000000067
  33.85	  0.0000000069
  33.86	  0.0000000070
  33.87	  0.0000000071
  33.88	  0.0000000073
  33.89	  0.0000000074
  33.90	  0.0000000075
  33.91	  0.0000000076
  33.92	  0.0000000077
  33.93	  0.0000000078
  33.94	  0.0000000079
  33.95	  0.0000000080
  33.96	  0.0000000080
  33.97	  0.0000000081
  33.98	  0.0000000082
  33.99	  0.0000000083
  34.00	  0.0000000083
  34.01	  0.0000000084
  34.02	  0.0000000084
  34.03	  0.0000000085
  34.04	  0.0000000085
  34.05	  0.0000000086
  34.06	  0.0000000086
  34.07	  0.0000000086
  34.08	  0.0000000086
  34.09	  0.0000000087
  34.10	  0.0000000087
  34.11	  0.0000000087
  34.12	  0.0000000087
  34.13	  0.0000000087
  34.14	  0.0000000087
  34.15	  0.0000000087
  34.16	  0.0000000087
  34.17	  0.0000000087
  34.18	  0.0000000087
  34.19	  0.0000000086
  34.20	  0.0000000086
  34.21	  0.0000000086
  34.22	  0.0000000086
  34.23	  0.0000000085
  34.24	  0.0000000085
  34.25	  0.0000000084
  34.26	  0.0000000084
  34.27	  0.0000000083
  34.28	  0.0000000083
  34.29	  0.0000000082
  34.30	  0.0000000082
  34.31	  0.0000000081
  34.32	  0.0000000080
  34.33	  0.0000000079
  34.34	  0.0000000079
  34.35	  0.0000000078
  34.36	  0.0000000077
  34.37	  0.0000000076
  34.38	  0.0000000075
  34.39	  0.0000000075
  34.40	  0.0000000074
  34.41	  0.0000000073
  34.42	  0.0000000072
  34.43	  0.0000000071
  34.44	  0.0000000070
  34.45	  0.0000000069
  34.46	  0.0000000068
  34.47	  0.0000000066
  34.48	  0.0000000065
  34.49	  0.0000000064
  34.50	  0.0000000063
  34.51	  0.0000000062
  34.52	  0.0000000061
  34.53	  0.0000000059
  34.54	  0.0000000058
  34.55	  0.0000000057
  34.56	  0.0000000056
  34.57	  0.0000000054
  34.58	  0.0000000053
  34.59	  0.0000000052
  34.60	  0.0000000050
  34.61	  0.0000000049
  34.62	  0.0000000048
  34.63	  0.0000000046
  34.64	  0.0000000045
  34.65	  0.0000000044
  34.66	  0.0000000042
  34.67	  0.0000000041
  34.68	  0.0000000040
  34.69	  0.0000000038
  34.70	  0.0000000037
  34.71	  0.0000000035
  34.72	  0.0000000034
  34.73	  0.0000000033
  34.74	  0.0000000031
  34.75	  0.0000000030
  34.76	  0.0000000028
  34.77	  0.0000000027
  34.78	  0.0000000025
  34.79	  0.0000000024
  34.80	  0.0000000023
  34.81	  0.0000000021
  34.82	  0.0000000020
  34.83	  0.0000000018
  34.84	  0.0000000017
  34.85	  0.0000000016
  34.86	  0.0000000014
  34.87	  0.0000000013
  34.88	  0.0000000012
  34.89	  0.0000000010
  34.90	  0.0000000009
  34.91	  0.0000000008
  34.92	  0.0000000006
  34.93	  0.0000000005
  34.94	  0.0000000004
  34.95	  0.0000000002
  34.96	  0.0000000001
  34.97	  -0.0000000000
  34.98	  -0.0000000002
  34.99	  -0.0000000003
  35.00	  -0.0000000004
  35.01	  -0.0000000005
  35.02	  -0.0000000006
  35.03	  -0.0000000008
  35.04	  -0.0000000009
  35.05	  -0.0000000010
  35.06	  -0.0000000011
  35.07	  -0.0000000012
  35.08	  -0.0000000013
  35.09	  -0.0000000014
  35.10	  -0.0000000016
  35.11	  -0.0000000017
  35.12	  -0.0000000018
  35.13	  -0.0000000019
  35.14	  -0.0000000020
  35.15	  -0.0000000021
  35.16	  -0.0000000022
  35.17	  -0.0000000023
  35.18	  -0.0000000023
  35.19	  -0.0000000024
  35.20	  -0.0000000025
  35.21	  -0.0000000026
  35.22	  -0.0000000027
  35.23	  -0.0000000028
  35.24	  -0.0000000028
  35.25	  -0.0000000029
  35.26	  -0.0000000030
  35.27	  -0.0000000031
  35.28	  -0.0000000031
  35.29	  -0.0000000032
  35.30	  -0.0000000033
  35.31	  -0.0000000033
  35.32	  -0.0000000034
  35.33	  -0.0000000035
  35.34	  -0.0000000035
  35.35	  -0.0000000036
  35.36	  -0.0000000036
  35.37	  -0.0000000037
  35.38	  -0.0000000037
  35.39	  -0.0000000038
  35.40	  -0.0000000038
  35.41	  -0.0000000039
  35.42	  -0.0000000039
  35.43	  -0.0000000039
  35.44	  -0.0000000040
  35.45	  -0.0000000040
  35.46	  -0.0000000040
  35.47	  -0.0000000040
  35.48	  -0.0000000041
  35.49	  -0.0000000041
  35.50	  -0.0000000041
  35.51	  -0.0000000041
  35.52	  -0.0000000042
  35.53	  -0.0000000042
  35.54	  -0.0000000042
  35.55	  -0.0000000042
  35.56	  -0.0000000042
  35.57	  -0.0000000042
  35.58	  -0.0000000042
  35.59	  -0.0000000042
  35.60	  -0.0000000042
  35.61	  -0.0000000042
  35.62	  -0.0000000042
  35.63	  -0.0000000042
  35.64	  -0.0000000042
  35.65	  -0.0000000042
  35.66	  -0.0000000042
  35.67	  -0.0000000041
  35.68	  -0.0000000041
  35.69	  -0.0000000041
  35.70	  -0.0000000041
  35.71	  -0.0000000041
  35.72	  -0.0000000040
  35.73	  -0.0000000040
  35.74	  -0.0000000040
  35.75	  -0.0000000040
  35.76	  -0.0000000039
  35.77	  -0.0000000039
  35.78	  -0.0000000039
  35.79	  -0.0000000038
  35.80	  -0.0000000038
  35.81	  -0.0000000038
  35.82	  -0.0000000037
  35.83	  -0.0000000037
  35.84	  -0.0000000036
  35.85	  -0.0000000036
  35.86	  -0.0000000035
  35.87	  -0.0000000035
  35.88	  -0.0000000034
  35.89	  -0.0000000034
  35.90	  -0.0000000033
  35.91	  -0.0000000033
  35.92	  -0.0000000032
  35.93	  -0.0000000032
  35.94	  -0.0000000031
  35.95	  -0.0000000031
  35.96	  -0.0000000030
  35.97	  -0.0000000030
  35.98	  -0.0000000029
  35.99	  -0.0000000028
  36.00	  -0.0000000028
  36.01	  -0.0000000027
  36.02	  -0.0000000027
  36.03	  -0.0000000026
  36.04	  -0.0000000025
  36.05	  -0.0000000025
  36.06	  -0.0000000024
  36.07	  -0.0000000024
  36.08	  -0.0000000023
  36.09	  -0.0000000022
  36.10	  -0.0000000022
  36.11	  -0.0000000021
  36.12	  -0.0000000020
  36.13	  -0.0000000020
  36.14	  -0.0000000019
  36.15	  -0.0000000018
  36.16	  -0.0000000018
  36.17	  -0.0000000017
  36.18	  -0.0000000016
  36.19	  -0.0000000015
  36.20	  -0.0000000015
  36.21	  -0.0000000014
  36.22	  -0.0000000013
  36.23	  -0.0000000013
  36.24	  -0.0000000012
  36.25	  -0.0000000011
  36.26	  -0.0000000011
  36.27	  -0.0000000010
  36.28	  -0.0000000009
  36.29	  -0.0000000009
  36.30	  -0.0000000008
  36.31	  -0.0000000007
  36.32	  -0.0000000007
  36.33	  -0.0000000006
  36.34	  -0.0000000005
  36.35	  -0.0000000005
  36.36	  -0.0000000004
  36.37	  -0.0000000003
  36.38	  -0.0000000003
  36.39	  -0.0000000002
  36.40	  -0.0000000002
  36.41	  -0.0000000001
  36.42	  -0.0000000000
  36.43	  0.0000000000
  36.44	  0.0000000001
  36.45	  0.0000000002
  36.46	  0.0000000002
  36.47	  0.0000000003
  36.48	  0.0000000003
  36.49	  0.0000000004
  36.50	  0.0000000004
  36.51	  0.0000000005
  36.52	  0.0000000006
  36.53	  0.0000000006
  36.54	  0.0000000007
  36.55	  0.0000000007
  36.56	  0.0000000008
  36.57	  0.0000000008
  36.58	  0.0000000009
  36.59	  0.0000000009
  36.60	  0.0000000010
  36.61	  0.0000000010
  36.62	  0.0000000011
  36.63	  0.0000000011
  36.64	  0.0000000011
  36.65	  0.0000000012
  36.66	  0.0000000012
  36.67	  0.0000000013
  36.68	  0.0000000013
  36.69	  0.0000000013
  36.70	  0.0000000014
  36.71	  0.0000000014
  36.72	  0.0000000015
  36.73	  0.0000000015
  36.74	  0.0000000015
  36.75	  0.0000000016
  36.76	  0.0000000016
  36.77	  0.0000000016
  36.78	  0.0000000017
  36.79	  0.0000000017
  36.80	  0.0000000017
  36.81	  0.0000000017
  36.82	  0.0000000018
  36.83	  0.0000000018
  36.84	  0.0000000018
  36.85	  0.0000000018
  36.86	  0.0000000018
  36.87	  0.0000000019
  36.88	  0.0000000019
  36.89	  0.0000000019
  36.90	  0.0000000019
  36.91	  0.0000000019
  36.92	  0.0000000019
  36.93	  0.0000000020
  36.94	  0.0000000020
  36.95	  0.0000000020
  36.96	  0.0000000020
  36.97	  0.0000000020
  36.98	  0.0000000020
  36.99	  0.0000000020
  37.00	  0.0000000020
  37.01	  0.0000000020
  37.02	  0.0000000020
  37.03	  0.0000000020
  37.04	  0.0000000020
  37.05	  0.0000000020
  37.06	  0.0000000020
  37.07	  0.0000000020
  37.08	  0.0000000020
  37.09	  0.0000000020
  37.10	  0.0000000020
  37.11	  0.0000000020
  37.12	  0.0000000020
  37.13	  0.0000000020
  37.14	  0.0000000020
  37.15	  0.0000000020
  37.16	  0.0000000020
  37.17	  0.0000000020
  37.18	  0.0000000019
  37.19	  0.0000000019
  37.20	  0.0000000019
  37.21	  0.0000000019
  37.22	  0.0000000019
  37.23	  0.0000000019
  37.24	  0.0000000019
  37.25	  0.0000000018
  37.26	  0.0000000018
  37.27	  0.0000000018
  37.28	  0.0000000018
  37.29	  0.0000000018
  37.30	  0.0000000017
  37.31	  0.0000000017
  37.32	  0.0000000017
  37.33	  0.0000000017
  37.34	  0.0000000017
  37.35	  0.0000000016
  37.36	  0.0000000016
  37.37	  0.0000000016
  37.38	  0.0000000016
  37.39	  0.0000000015
  37.40	  0.0000000015
  37.41	  0.0000000015
  37.42	  0.0000000014
  37.43	  0.0000000014
  37.44	  0.0000000014
  37.45	  0.0000000014
  37.46	  0.0000000013
  37.47	  0.0000000013
  37.48	  0.0000000013
  37.49	  0.0000000012
  37.50	  0.0000000012
  37.51	  0.0000000012
  37.52	  0.0000000012
  37.53	  0.0000000011
  37.54	  0.0000000011
  37.55	  0.0000000011
  37.56	  0.0000000010
  37.57	  0.0000000010
  37.58	  0.0000000010
  37.59	  0.0000000009
  37.60	  0.0000000009
  37.61	  0.0000000009
  37.62	  0.0000000008
  37.63	  0.0000000008
  37.64	  0.0000000008
  37.65	  0.0000000007
  37.66	  0.0000000007
  37.67	  0.0000000007
  37.68	  0.0000000006
  37.69	  0.0000000006
  37.70	  0.0000000006
  37.71	  0.0000000005
  37.72	  0.0000000005
  37.73	  0.0000000005
  37.74	  0.0000000004
  37.75	  0.0000000004
  37.76	  0.0000000004
  37.77	  0.0000000003
  37.78	  0.0000000003
  37.79	  0.0000000003
  37.80	  0.0000000002
  37.81	  0.0000000002
  37.82	  0.0000000002
  37.83	  0.0000000002
  37.84	  0.0000000001
  37.85	  0.0000000001
  37.86	  0.0000000001
  37.87	  0.0000000000
  37.88	  0.0000000000
  37.89	  -0.0000000000
  37.90	  -0.0000000001
  37.91	  -0.0000000001
  37.92	  -0.0000000001
  37.93	  -0.0000000001
  37.94	  -0.0000000002
  37.95	  -0.0000000002
  37.96	  -0.0000000002
  37.97	  -0.0000000002
  37.98	  -0.0000000003
  37.99	  -0.0000000003
  38.00	  -0.0000000003
  38.01	  -0.0000000004
  38.02	  -0.0000000004
  38.03	  -0.0000000004
  38.04	  -0.0000000004
  38.05	  -0.0000000004
  38.06	  -0.0000000005
  38.07	  -0.0000000005
  38.08	  -0.0000000005
  38.09	  -0.0000000005
  38.10	  -0.0000000006
  38.11	  -0.0000000006
  38.12	  -0.0000000006
  38.13	  -0.0000000006
  38.14	  -0.0000000006
  38.15	  -0.0000000007
  38.16	  -0.0000000007
  38.17	  -0.0000000007
  38.18	  -0.0000000007
  38.19	  -0.0000000007
  38.20	  -0.0000000007
  38.21	  -0.0000000008
  38.22	  -0.0000000008
  38.23	  -0.0000000008
  38.24	  -0.0000000008
  38.25	  -0.0000000008
  38.26	  -0.0000000008
  38.27	  -0.0000000008
  38.28	  -0.0000000009
  38.29	  -0.0000000009
  38.30	  -0.0000000009
  38.31	  -0.0000000009
  38.32	  -0.0000000009
  38.33	  -0.0000000009
  38.34	  -0.0000000009
  38.35	  -0.0000000009
  38.36	  -0.0000000009
  38.37	  -0.0000000009
  38.38	  -0.0000000009
  38.39	  -0.0000000009
  38.40	  -0.0000000010
  38.41	  -0.0000000010
  38.42	  -0.0000000010
  38.43	  -0.0000000010
  38.44	  -0.0000000010
  38.45	  -0.0000000010
  38.46	  -0.0000000010
  38.47	  -0.0000000010
  38.48	  -0.0000000010
  38.49	  -0.0000000010
  38.50	  -0.0000000010
  38.51	  -0.0000000010
  38.52	  -0.0000000010
  38.53	  -0.0000000010
  38.54	  -0.0000000010
  38.55	  -0.0000000010
  38.56	  -0.0000000010
  38.57	  -0.0000000010
  38.58	  -0.0000000010
  38.59	  -0.0000000010
  38.60	  -0.0000000010
  38.61	  -0.0000000010
  38.62	  -0.0000000009
  38.63	  -0.0000000009
  38.64	  -0.0000000009
  38.65	  -0.0000000009
  38.66	  -0.0000000009
  38.67	  -0.0000000009
  38.68	  -0.0000000009
  38.69	  -0.0000000009
  38.70	  -0.0000000009
  38.71	  -0.0000000009
  38.72	  -0.0000000009
  38.73	  -0.0000000009
  38.74	  -0.0000000009
  38.75	  -0.0000000008
  38.76	  -0.0000000008
  38.77	  -0.0000000008
  38.78	  -0.0000000008
  38.79	  -0.0000000008
  38.80	  -0.0000000008
  38.81	  -0.0000000008
  38.82	  -0.0000000008
  38.83	  -0.0000000008
  38.84	  -0.0000000007
  38.85	  -0.0000000007
  38.86	  -0.0000000007
  38.87	  -0.0000000007
  38.88	  -0.0000000007
  38.89	  -0.0000000007
  38.90	  -0.0000000007
  38.91	  -0.0000000007
  38.92	  -0.0000000006
  38.93	  -0.0000000006
  38.94	  -0.0000000006
  38.95	  -0.0000000006
  38.96	  -0.0000000006
  38.97	  -0.0000000006
  38.98	  -0.0000000006
  38.99	  -0.0000000005
  39.00	  -0.0000000005
  39.01	  -0.0000000005
  39.02	  -0.0000000005
  39.03	  -0.0000000005
  39.04	  -0.0000000005
  39.05	  -0.0000000004
  39.06	  -0.0000000004
  39.07	  -0.0000000004
  39.08	  -0.0000000004
  39.09	  -0.0000000004
  39.10	  -0.0000000004
  39.11	  -0.0000000004
  39.12	  -0.0000000003
  39.13	  -0.0000000003
  39.14	  -0.0000000003
  39.15	  -0.0000000003
  39.16	  -0.0000000003
  39.17	  -0.0000000003
  39.18	  -0.0000000002
  39.19	  -0.0000000002
  39.20	  -0.0000000002
  39.21	  -0.0000000002
  39.22	  -0.0000000002
  39.23	  -0.0000000002
  39.24	  -0.0000000001
  39.25	  -0.0000000001
  39.26	  -0.0000000001
  39.27	  -0.0000000001
  39.28	  -0.0000000001
  39.29	  -0.0000000001
  39.30	  -0.0000000001
  39.31	  -0.0000000000
  39.32	  -0.0000000000
  39.33	  -0.0000000000
  39.34	  0.0000000000
  39.35	  0.0000000000
  39.36	  0.0000000000
  39.37	  0.0000000000
  39.38	  0.0000000001
  39.39	  0.0000000001
  39.40	  0.0000000001
  39.41	  0.0000000001
  39.42	  0.0000000001
  39.43	  0.0000000001
  39.44	  0.0000000001
  39.45	  0.0000000001
  39.46	  0.0000000002
  39.47	  0.0000000002
  39.48	  0.0000000002
  39.49	  0.0000000002
  39.50	  0.0000000002
  39.51	  0.0000000002
  39.52	  0.0000000002
  39.53	  0.0000000002
  39.54	  0.0000000003
  39.55	  0.0000000003
  39.56	  0.0000000003
  39.57	  0.0000000003
  39.58	  0.0000000003
  39.59	  0.0000000003
  39.60	  0.0000000003
  39.61	  0.0000000003
  39.62	  0.0000000003
  39.63	  0.0000000003
  39.64	  0.0000000003
  39.65	  0.0000000004
  39.66	  0.0000000004
  39.67	  0.0000000004
  39.68	  0.0000000004
  39.69	  0.0000000004
  39.70	  0.0000000004
  39.71	  0.0000000004
  39.72	  0.0000000004
  39.73	  0.0000000004
  39.74	  0.0000000004
  39.75	  0.0000000004
  39.76	  0.0000000004
  39.77	  0.0000000004
  39.78	  0.0000000004
  39.79	  0.0000000004
  39.80	  0.0000000004
  39.81	  0.0000000004
  39.82	  0.0000000004
  39.83	  0.0000000005
  39.84	  0.0000000005
  39.85	  0.0000000005
  39.86	  0.0000000005
  39.87	  0.0000000005
  39.88	  0.0000000005
  39.89	  0.0000000005
  39.90	  0.0000000005
  39.91	  0.0000000005
  39.92	  0.0000000005
  39.93	  0.0000000005
  39.94	  0.0000000005
  39.95	  0.0000000005
  39.96	  0.0000000005
  39.97	  0.0000000005
  39.98	  0.0000000005
  39.99	  0.0000000005
  40.00	  0.0000000005
