  0.01	  -0.0490098968
  0.02	  -0.0970255360
  0.03	  -0.1440433711
  0.04	  -0.1900605261
  0.05	  -0.2350748032
  0.06	  -0.2790847123
  0.07	  -0.3220894635
  0.08	  -0.3640891016
  0.09	  -0.4050842822
  0.10	  -0.4450764954
  0.11	  -0.4840679467
  0.12	  -0.5220614672
  0.13	  -0.5590607524
  0.14	  -0.5950700641
  0.15	  -0.6300943494
  0.16	  -0.6641392112
  0.17	  -0.6972109675
  0.18	  -0.7293162346
  0.19	  -0.7604625821
  0.20	  -0.7906576991
  0.21	  -0.8199101090
  0.22	  -0.8482285142
  0.23	  -0.8756223321
  0.24	  -0.9021010995
  0.25	  -0.9276748896
  0.26	  -0.9523540735
  0.27	  -0.9761492014
  0.28	  -0.9990713596
  0.29	  -1.0211316347
  0.30	  -1.0423413515
  0.31	  -1.0627120733
  0.32	  -1.0822556019
  0.33	  -1.1009837389
  0.34	  -1.1189085245
  0.35	  -1.1360418797
  0.36	  -1.1523958445
  0.37	  -1.1679828167
  0.38	  -1.1828148365
  0.39	  -1.1969039440
  0.40	  -1.2102625370
  0.41	  -1.2229026556
  0.42	  -1.2348363400
  0.43	  -1.2460757494
  0.44	  -1.2566328049
  0.45	  -1.2665194273
  0.46	  -1.2757474184
  0.47	  -1.2843284607
  0.48	  -1.2922743559
  0.49	  -1.2995963097
  0.50	  -1.3063058853
  0.51	  -1.3124144077
  0.52	  -1.3179329634
  0.53	  -1.3228724003
  0.54	  -1.3272438049
  0.55	  -1.3310577869
  0.56	  -1.3343250751
  0.57	  -1.3370559216
  0.58	  -1.3392608166
  0.59	  -1.3409498930
  0.60	  -1.3421330452
  0.61	  -1.3428202868
  0.62	  -1.3430213928
  0.63	  -1.3427459002
  0.64	  -1.3420032263
  0.65	  -1.3408027887
  0.66	  -1.3391538858
  0.67	  -1.3370653391
  0.68	  -1.3345462084
  0.69	  -1.3316053152
  0.70	  -1.3282512426
  0.71	  -1.3244928122
  0.72	  -1.3203382492
  0.73	  -1.3157958984
  0.74	  -1.3108741045
  0.75	  -1.3055808544
  0.76	  -1.2999243736
  0.77	  -1.2939124107
  0.78	  -1.2875527143
  0.79	  -1.2808532715
  0.80	  -1.2738215923
  0.81	  -1.2664653063
  0.82	  -1.2587918043
  0.83	  -1.2508084774
  0.84	  -1.2425227165
  0.85	  -1.2339419127
  0.86	  -1.2250730991
  0.87	  -1.2159234285
  0.88	  -1.2065000534
  0.89	  -1.1968100071
  0.90	  -1.1868602037
  0.91	  -1.1766576767
  0.92	  -1.1662092209
  0.93	  -1.1555216312
  0.94	  -1.1446018219
  0.95	  -1.1334565878
  0.96	  -1.1220924854
  0.97	  -1.1105163097
  0.98	  -1.0987346172
  0.99	  -1.0867543221
  1.00	  -1.0745817423
  1.01	  -1.0622235537
  1.02	  -1.0496864319
  1.03	  -1.0369768143
  1.04	  -1.0241012573
  1.05	  -1.0110660791
  1.06	  -0.9978780746
  1.07	  -0.9845435023
  1.08	  -0.9710688591
  1.09	  -0.9574605823
  1.10	  -0.9437249899
  1.11	  -0.9298686385
  1.12	  -0.9158977270
  1.13	  -0.9018187523
  1.14	  -0.8876379728
  1.15	  -0.8733617663
  1.16	  -0.8589963913
  1.17	  -0.8445481658
  1.18	  -0.8300232887
  1.19	  -0.8154280186
  1.20	  -0.8007685542
  1.21	  -0.7860511541
  1.22	  -0.7712818980
  1.23	  -0.7564669251
  1.24	  -0.7416123152
  1.25	  -0.7267242074
  1.26	  -0.7118085623
  1.27	  -0.6968713403
  1.28	  -0.6819185615
  1.29	  -0.6669561267
  1.30	  -0.6519898772
  1.31	  -0.6370255947
  1.32	  -0.6220690608
  1.33	  -0.6071259975
  1.34	  -0.5922020674
  1.35	  -0.5773028731
  1.36	  -0.5624338984
  1.37	  -0.5476006866
  1.38	  -0.5328086615
  1.39	  -0.5180630684
  1.40	  -0.5033692718
  1.41	  -0.4887323678
  1.42	  -0.4741575420
  1.43	  -0.4596498311
  1.44	  -0.4452141523
  1.45	  -0.4308554232
  1.46	  -0.4165784121
  1.47	  -0.4023877978
  1.48	  -0.3882881999
  1.49	  -0.3742841482
  1.50	  -0.3603799939
  1.51	  -0.3465801179
  1.52	  -0.3328887224
  1.53	  -0.3193098903
  1.54	  -0.3058476746
  1.55	  -0.2925059497
  1.56	  -0.2792885303
  1.57	  -0.2661991119
  1.58	  -0.2532412410
  1.59	  -0.2404184341
  1.60	  -0.2277340293
  1.61	  -0.2151912600
  1.62	  -0.2027932703
  1.63	  -0.1905430704
  1.64	  -0.1784435809
  1.65	  -0.1664975584
  1.66	  -0.1547077000
  1.67	  -0.1430765390
  1.68	  -0.1316065341
  1.69	  -0.1202999875
  1.70	  -0.1091591120
  1.71	  -0.0981859937
  1.72	  -0.0873826146
  1.73	  -0.0767508149
  1.74	  -0.0662923530
  1.75	  -0.0560088530
  1.76	  -0.0459018238
  1.77	  -0.0359726772
  1.78	  -0.0262226984
  1.79	  -0.0166530665
  1.80	  -0.0072648553
  1.81	  0.0019409759
  1.82	  0.0109635722
  1.83	  0.0198021848
  1.84	  0.0284561682
  1.85	  0.0369249843
  1.86	  0.0452081896
  1.87	  0.0533054471
  1.88	  0.0612165146
  1.89	  0.0689412430
  1.90	  0.0764795914
  1.91	  0.0838316008
  1.92	  0.0909973979
  1.93	  0.0979772210
  1.94	  0.1047713682
  1.95	  0.1113802418
  1.96	  0.1178043187
  1.97	  0.1240441725
  1.98	  0.1301004440
  1.99	  0.1359738410
  2.00	  0.1416651756
  2.01	  0.1471753120
  2.02	  0.1525051892
  2.03	  0.1576558352
  2.04	  0.1626283079
  2.05	  0.1674237698
  2.06	  0.1720434427
  2.07	  0.1764885634
  2.08	  0.1807604879
  2.09	  0.1848606020
  2.10	  0.1887903661
  2.11	  0.1925512552
  2.12	  0.1961448342
  2.13	  0.1995726973
  2.14	  0.2028365135
  2.15	  0.2059379667
  2.16	  0.2088788003
  2.17	  0.2116608024
  2.18	  0.2142857909
  2.19	  0.2167556286
  2.20	  0.2190722376
  2.21	  0.2212375402
  2.22	  0.2232535034
  2.23	  0.2251221240
  2.24	  0.2268454581
  2.25	  0.2284255624
  2.26	  0.2298645079
  2.27	  0.2311644256
  2.28	  0.2323274612
  2.29	  0.2333557606
  2.30	  0.2342515141
  2.31	  0.2350169122
  2.32	  0.2356541902
  2.33	  0.2361655831
  2.34	  0.2365533412
  2.35	  0.2368197143
  2.36	  0.2369669974
  2.37	  0.2369974852
  2.38	  0.2369134575
  2.39	  0.2367172241
  2.40	  0.2364111096
  2.41	  0.2359974384
  2.42	  0.2354785204
  2.43	  0.2348566949
  2.44	  0.2341342717
  2.45	  0.2333136201
  2.46	  0.2323970497
  2.47	  0.2313868999
  2.48	  0.2302854806
  2.49	  0.2290951610
  2.50	  0.2278182209
  2.51	  0.2264569998
  2.52	  0.2250138074
  2.53	  0.2234909534
  2.54	  0.2218907177
  2.55	  0.2202154249
  2.56	  0.2184673101
  2.57	  0.2166486830
  2.58	  0.2147617787
  2.59	  0.2128088474
  2.60	  0.2107921094
  2.61	  0.2087138146
  2.62	  0.2065761536
  2.63	  0.2043813169
  2.64	  0.2021314651
  2.65	  0.1998287737
  2.66	  0.1974753886
  2.67	  0.1950734109
  2.68	  0.1926249713
  2.69	  0.1901321411
  2.70	  0.1875969768
  2.71	  0.1850215495
  2.72	  0.1824078560
  2.73	  0.1797579229
  2.74	  0.1770737320
  2.75	  0.1743572205
  2.76	  0.1716103554
  2.77	  0.1688350290
  2.78	  0.1660331488
  2.79	  0.1632065624
  2.80	  0.1603571177
  2.81	  0.1574866474
  2.82	  0.1545969248
  2.83	  0.1516897231
  2.84	  0.1487667859
  2.85	  0.1458298117
  2.86	  0.1428804994
  2.87	  0.1399205029
  2.88	  0.1369514763
  2.89	  0.1339749992
  2.90	  0.1309926659
  2.91	  0.1280060112
  2.92	  0.1250165701
  2.93	  0.1220258400
  2.94	  0.1190352738
  2.95	  0.1160463169
  2.96	  0.1130603701
  2.97	  0.1100788265
  2.98	  0.1071030200
  2.99	  0.1041342840
  3.00	  0.1011739001
  3.01	  0.0982231423
  3.02	  0.0952832401
  3.03	  0.0923554003
  3.04	  0.0894407928
  3.05	  0.0865405649
  3.06	  0.0836558416
  3.07	  0.0807876959
  3.08	  0.0779372007
  3.09	  0.0751053765
  3.10	  0.0722932294
  3.11	  0.0695017204
  3.12	  0.0667318031
  3.13	  0.0639843866
  3.14	  0.0612603463
  3.15	  0.0585605539
  3.16	  0.0558858253
  3.17	  0.0532369614
  3.18	  0.0506147407
  3.19	  0.0480198972
  3.20	  0.0454531461
  3.21	  0.0429151841
  3.22	  0.0404066630
  3.23	  0.0379282162
  3.24	  0.0354804546
  3.25	  0.0330639519
  3.26	  0.0306792632
  3.27	  0.0283269156
  3.28	  0.0260074064
  3.29	  0.0237212144
  3.30	  0.0214687865
  3.31	  0.0192505457
  3.32	  0.0170668922
  3.33	  0.0149181997
  3.34	  0.0128048183
  3.35	  0.0107270749
  3.36	  0.0086852703
  3.37	  0.0066796839
  3.38	  0.0047105714
  3.39	  0.0027781662
  3.40	  0.0008826786
  3.41	  -0.0009757029
  3.42	  -0.0027968115
  3.43	  -0.0045805015
  3.44	  -0.0063266489
  3.45	  -0.0080351504
  3.46	  -0.0097059207
  3.47	  -0.0113388989
  3.48	  -0.0129340403
  3.49	  -0.0144913197
  3.50	  -0.0160107315
  3.51	  -0.0174922887
  3.52	  -0.0189360231
  3.53	  -0.0203419831
  3.54	  -0.0217102319
  3.55	  -0.0230408572
  3.56	  -0.0243339557
  3.57	  -0.0255896449
  3.58	  -0.0268080551
  3.59	  -0.0279893354
  3.60	  -0.0291336458
  3.61	  -0.0302411653
  3.62	  -0.0313120857
  3.63	  -0.0323466100
  3.64	  -0.0333449580
  3.65	  -0.0343073644
  3.66	  -0.0352340713
  3.67	  -0.0361253396
  3.68	  -0.0369814336
  3.69	  -0.0378026441
  3.70	  -0.0385892540
  3.71	  -0.0393415689
  3.72	  -0.0400599092
  3.73	  -0.0407445952
  3.74	  -0.0413959585
  3.75	  -0.0420143493
  3.76	  -0.0426001176
  3.77	  -0.0431536250
  3.78	  -0.0436752439
  3.79	  -0.0441653505
  3.80	  -0.0446243323
  3.81	  -0.0450525843
  3.82	  -0.0454505086
  3.83	  -0.0458185077
  3.84	  -0.0461570024
  3.85	  -0.0464664064
  3.86	  -0.0467471518
  3.87	  -0.0469996668
  3.88	  -0.0472243875
  3.89	  -0.0474217534
  3.90	  -0.0475922190
  3.91	  -0.0477362275
  3.92	  -0.0478542335
  3.93	  -0.0479466952
  3.94	  -0.0480140746
  3.95	  -0.0480568334
  3.96	  -0.0480754450
  3.97	  -0.0480703674
  3.98	  -0.0480420850
  3.99	  -0.0479910597
  4.00	  -0.0479177721
  4.01	  -0.0478226990
  4.02	  -0.0477063172
  4.03	  -0.0475691035
  4.04	  -0.0474115387
  4.05	  -0.0472340994
  4.06	  -0.0470372699
  4.07	  -0.0468215272
  4.08	  -0.0465873480
  4.09	  -0.0463352129
  4.10	  -0.0460655987
  4.11	  -0.0457789861
  4.12	  -0.0454758443
  4.13	  -0.0451566540
  4.14	  -0.0448218808
  4.15	  -0.0444720015
  4.16	  -0.0441074818
  4.17	  -0.0437287912
  4.18	  -0.0433363877
  4.19	  -0.0429307409
  4.20	  -0.0425123051
  4.21	  -0.0420815349
  4.22	  -0.0416388847
  4.23	  -0.0411848091
  4.24	  -0.0407197475
  4.25	  -0.0402441435
  4.26	  -0.0397584438
  4.27	  -0.0392630734
  4.28	  -0.0387584716
  4.29	  -0.0382450633
  4.30	  -0.0377232730
  4.31	  -0.0371935181
  4.32	  -0.0366562121
  4.33	  -0.0361117683
  4.34	  -0.0355605893
  4.35	  -0.0350030772
  4.36	  -0.0344396271
  4.37	  -0.0338706262
  4.38	  -0.0332964659
  4.39	  -0.0327175260
  4.40	  -0.0321341790
  4.41	  -0.0315467976
  4.42	  -0.0309557468
  4.43	  -0.0303613823
  4.44	  -0.0297640599
  4.45	  -0.0291641299
  4.46	  -0.0285619311
  4.47	  -0.0279578045
  4.48	  -0.0273520779
  4.49	  -0.0267450772
  4.50	  -0.0261371247
  4.51	  -0.0255285297
  4.52	  -0.0249196049
  4.53	  -0.0243106484
  4.54	  -0.0237019584
  4.55	  -0.0230938233
  4.56	  -0.0224865284
  4.57	  -0.0218803510
  4.58	  -0.0212755613
  4.59	  -0.0206724275
  4.60	  -0.0200712103
  4.61	  -0.0194721594
  4.62	  -0.0188755263
  4.63	  -0.0182815511
  4.64	  -0.0176904686
  4.65	  -0.0171025079
  4.66	  -0.0165178943
  4.67	  -0.0159368441
  4.68	  -0.0153595693
  4.69	  -0.0147862732
  4.70	  -0.0142171569
  4.71	  -0.0136524132
  4.72	  -0.0130922291
  4.73	  -0.0125367865
  4.74	  -0.0119862612
  4.75	  -0.0114408219
  4.76	  -0.0109006334
  4.77	  -0.0103658540
  4.78	  -0.0098366346
  4.79	  -0.0093131233
  4.80	  -0.0087954607
  4.81	  -0.0082837809
  4.82	  -0.0077782152
  4.83	  -0.0072788876
  4.84	  -0.0067859157
  4.85	  -0.0062994142
  4.86	  -0.0058194897
  4.87	  -0.0053462456
  4.88	  -0.0048797792
  4.89	  -0.0044201822
  4.90	  -0.0039675417
  4.91	  -0.0035219397
  4.92	  -0.0030834530
  4.93	  -0.0026521531
  4.94	  -0.0022281071
  4.95	  -0.0018113772
  4.96	  -0.0014020206
  4.97	  -0.0010000898
  4.98	  -0.0006056330
  4.99	  -0.0002186932
  5.00	  0.0001606904
  5.01	  0.0005324835
  5.02	  0.0008966561
  5.03	  0.0012531823
  5.04	  0.0016020406
  5.05	  0.0019432136
  5.06	  0.0022766881
  5.07	  0.0026024545
  5.08	  0.0029205077
  5.09	  0.0032308458
  5.10	  0.0035334711
  5.11	  0.0038283898
  5.12	  0.0041156113
  5.13	  0.0043951483
  5.14	  0.0046670181
  5.15	  0.0049312399
  5.16	  0.0051878369
  5.17	  0.0054368367
  5.18	  0.0056782677
  5.19	  0.0059121633
  5.20	  0.0061385590
  5.21	  0.0063574938
  5.22	  0.0065690088
  5.23	  0.0067731487
  5.24	  0.0069699604
  5.25	  0.0071594934
  5.26	  0.0073417998
  5.27	  0.0075169345
  5.28	  0.0076849544
  5.29	  0.0078459186
  5.30	  0.0079998896
  5.31	  0.0081469305
  5.32	  0.0082871076
  5.33	  0.0084204888
  5.34	  0.0085471431
  5.35	  0.0086671431
  5.36	  0.0087805614
  5.37	  0.0088874754
  5.38	  0.0089879595
  5.39	  0.0090820938
  5.40	  0.0091699585
  5.41	  0.0092516346
  5.42	  0.0093272049
  5.43	  0.0093967533
  5.44	  0.0094603663
  5.45	  0.0095181307
  5.46	  0.0095701329
  5.47	  0.0096164634
  5.48	  0.0096572107
  5.49	  0.0096924659
  5.50	  0.0097223204
  5.51	  0.0097468682
  5.52	  0.0097662006
  5.53	  0.0097804125
  5.54	  0.0097895982
  5.55	  0.0097938534
  5.56	  0.0097932722
  5.57	  0.0097879516
  5.58	  0.0097779883
  5.59	  0.0097634783
  5.60	  0.0097445194
  5.61	  0.0097212084
  5.62	  0.0096936431
  5.63	  0.0096619204
  5.64	  0.0096261390
  5.65	  0.0095863966
  5.66	  0.0095427893
  5.67	  0.0094954176
  5.68	  0.0094443765
  5.69	  0.0093897637
  5.70	  0.0093316780
  5.71	  0.0092702154
  5.72	  0.0092054727
  5.73	  0.0091375457
  5.74	  0.0090665305
  5.75	  0.0089925239
  5.76	  0.0089156199
  5.77	  0.0088359136
  5.78	  0.0087534990
  5.79	  0.0086684693
  5.80	  0.0085809184
  5.81	  0.0084909387
  5.82	  0.0083986213
  5.83	  0.0083040567
  5.84	  0.0082073370
  5.85	  0.0081085507
  5.86	  0.0080077862
  5.87	  0.0079051331
  5.88	  0.0078006773
  5.89	  0.0076945056
  5.90	  0.0075867032
  5.91	  0.0074773552
  5.92	  0.0073665450
  5.93	  0.0072543551
  5.94	  0.0071408674
  5.95	  0.0070261629
  5.96	  0.0069103213
  5.97	  0.0067934208
  5.98	  0.0066755395
  5.99	  0.0065567540
  6.00	  0.0064371401
  6.01	  0.0063167713
  6.02	  0.0061957217
  6.03	  0.0060740635
  6.04	  0.0059518679
  6.05	  0.0058292039
  6.06	  0.0057061412
  6.07	  0.0055827475
  6.08	  0.0054590884
  6.09	  0.0053352299
  6.10	  0.0052112355
  6.11	  0.0050871680
  6.12	  0.0049630897
  6.13	  0.0048390608
  6.14	  0.0047151400
  6.15	  0.0045913854
  6.16	  0.0044678543
  6.17	  0.0043446016
  6.18	  0.0042216820
  6.19	  0.0040991483
  6.20	  0.0039770524
  6.21	  0.0038554447
  6.22	  0.0037343747
  6.23	  0.0036138904
  6.24	  0.0034940387
  6.25	  0.0033748653
  6.26	  0.0032564143
  6.27	  0.0031387291
  6.28	  0.0030218516
  6.29	  0.0029058226
  6.30	  0.0027906816
  6.31	  0.0026764665
  6.32	  0.0025632146
  6.33	  0.0024509619
  6.34	  0.0023397431
  6.35	  0.0022295914
  6.36	  0.0021205391
  6.37	  0.0020126177
  6.38	  0.0019058570
  6.39	  0.0018002857
  6.40	  0.0016959314
  6.41	  0.0015928210
  6.42	  0.0014909795
  6.43	  0.0013904313
  6.44	  0.0012911997
  6.45	  0.0011933066
  6.46	  0.0010967731
  6.47	  0.0010016190
  6.48	  0.0009078633
  6.49	  0.0008155237
  6.50	  0.0007246169
  6.51	  0.0006351587
  6.52	  0.0005471639
  6.53	  0.0004606460
  6.54	  0.0003756179
  6.55	  0.0002920913
  6.56	  0.0002100770
  6.57	  0.0001295848
  6.58	  0.0000506237
  6.59	  -0.0000267984
  6.60	  -0.0001026745
  6.61	  -0.0001769982
  6.62	  -0.0002497642
  6.63	  -0.0003209682
  6.64	  -0.0003906066
  6.65	  -0.0004586764
  6.66	  -0.0005251758
  6.67	  -0.0005901036
  6.68	  -0.0006534593
  6.69	  -0.0007152436
  6.70	  -0.0007754574
  6.71	  -0.0008341026
  6.72	  -0.0008911819
  6.73	  -0.0009466985
  6.74	  -0.0010006565
  6.75	  -0.0010530606
  6.76	  -0.0011039161
  6.77	  -0.0011532290
  6.78	  -0.0012010060
  6.79	  -0.0012472542
  6.80	  -0.0012919815
  6.81	  -0.0013351963
  6.82	  -0.0013769077
  6.83	  -0.0014171251
  6.84	  -0.0014558586
  6.85	  -0.0014931188
  6.86	  -0.0015289168
  6.87	  -0.0015632642
  6.88	  -0.0015961730
  6.89	  -0.0016276558
  6.90	  -0.0016577257
  6.91	  -0.0016863957
  6.92	  -0.0017136800
  6.93	  -0.0017395925
  6.94	  -0.0017641480
  6.95	  -0.0017873615
  6.96	  -0.0018092481
  6.97	  -0.0018298236
  6.98	  -0.0018491040
  6.99	  -0.0018671054
  7.00	  -0.0018838446
  7.01	  -0.0018993384
  7.02	  -0.0019136040
  7.03	  -0.0019266587
  7.04	  -0.0019385201
  7.05	  -0.0019492063
  7.06	  -0.0019587353
  7.07	  -0.0019671251
  7.08	  -0.0019743948
  7.09	  -0.0019805625
  7.10	  -0.0019856472
  7.11	  -0.0019896678
  7.12	  -0.0019926436
  7.13	  -0.0019945940
  7.14	  -0.0019955379
  7.15	  -0.0019954948
  7.16	  -0.0019944848
  7.17	  -0.0019925272
  7.18	  -0.0019896415
  7.19	  -0.0019858477
  7.20	  -0.0019811657
  7.21	  -0.0019756153
  7.22	  -0.0019692164
  7.23	  -0.0019619886
  7.24	  -0.0019539525
  7.25	  -0.0019451273
  7.26	  -0.0019355332
  7.27	  -0.0019251902
  7.28	  -0.0019141180
  7.29	  -0.0019023364
  7.30	  -0.0018898653
  7.31	  -0.0018767242
  7.32	  -0.0018629328
  7.33	  -0.0018485108
  7.34	  -0.0018334776
  7.35	  -0.0018178526
  7.36	  -0.0018016550
  7.37	  -0.0017849042
  7.38	  -0.0017676192
  7.39	  -0.0017498188
  7.40	  -0.0017315220
  7.41	  -0.0017127476
  7.42	  -0.0016935139
  7.43	  -0.0016738396
  7.44	  -0.0016537429
  7.45	  -0.0016332418
  7.46	  -0.0016123542
  7.47	  -0.0015910981
  7.48	  -0.0015694910
  7.49	  -0.0015475503
  7.50	  -0.0015252933
  7.51	  -0.0015027371
  7.52	  -0.0014798985
  7.53	  -0.0014567942
  7.54	  -0.0014334406
  7.55	  -0.0014098542
  7.56	  -0.0013860507
  7.57	  -0.0013620461
  7.58	  -0.0013378562
  7.59	  -0.0013134963
  7.60	  -0.0012889814
  7.61	  -0.0012643266
  7.62	  -0.0012395467
  7.63	  -0.0012146562
  7.64	  -0.0011896692
  7.65	  -0.0011645999
  7.66	  -0.0011394620
  7.67	  -0.0011142691
  7.68	  -0.0010890345
  7.69	  -0.0010637712
  7.70	  -0.0010384922
  7.71	  -0.0010132098
  7.72	  -0.0009879366
  7.73	  -0.0009626846
  7.74	  -0.0009374656
  7.75	  -0.0009122911
  7.76	  -0.0008871726
  7.77	  -0.0008621211
  7.78	  -0.0008371473
  7.79	  -0.0008122620
  7.80	  -0.0007874754
  7.81	  -0.0007627975
  7.82	  -0.0007382383
  7.83	  -0.0007138073
  7.84	  -0.0006895137
  7.85	  -0.0006653668
  7.86	  -0.0006413751
  7.87	  -0.0006175474
  7.88	  -0.0005938919
  7.89	  -0.0005704167
  7.90	  -0.0005471297
  7.91	  -0.0005240383
  7.92	  -0.0005011500
  7.93	  -0.0004784718
  7.94	  -0.0004560105
  7.95	  -0.0004337728
  7.96	  -0.0004117650
  7.97	  -0.0003899932
  7.98	  -0.0003684633
  7.99	  -0.0003471811
  8.00	  -0.0003261518
  8.01	  -0.0003053807
  8.02	  -0.0002848728
  8.03	  -0.0002646327
  8.04	  -0.0002446651
  8.05	  -0.0002249742
  8.06	  -0.0002055640
  8.07	  -0.0001864385
  8.08	  -0.0001676013
  8.09	  -0.0001490557
  8.10	  -0.0001308051
  8.11	  -0.0001128524
  8.12	  -0.0000952005
  8.13	  -0.0000778519
  8.14	  -0.0000608091
  8.15	  -0.0000440743
  8.16	  -0.0000276495
  8.17	  -0.0000115365
  8.18	  0.0000042630
  8.19	  0.0000197476
  8.20	  0.0000349160
  8.21	  0.0000497671
  8.22	  0.0000642999
  8.23	  0.0000785138
  8.24	  0.0000924081
  8.25	  0.0001059825
  8.26	  0.0001192366
  8.27	  0.0001321705
  8.28	  0.0001447841
  8.29	  0.0001570777
  8.30	  0.0001690516
  8.31	  0.0001807065
  8.32	  0.0001920428
  8.33	  0.0002030616
  8.34	  0.0002137636
  8.35	  0.0002241500
  8.36	  0.0002342220
  8.37	  0.0002439808
  8.38	  0.0002534281
  8.39	  0.0002625654
  8.40	  0.0002713944
  8.41	  0.0002799168
  8.42	  0.0002881347
  8.43	  0.0002960501
  8.44	  0.0003036651
  8.45	  0.0003109820
  8.46	  0.0003180031
  8.47	  0.0003247310
  8.48	  0.0003311681
  8.49	  0.0003373170
  8.50	  0.0003431805
  8.51	  0.0003487615
  8.52	  0.0003540627
  8.53	  0.0003590872
  8.54	  0.0003638380
  8.55	  0.0003683181
  8.56	  0.0003725309
  8.57	  0.0003764796
  8.58	  0.0003801674
  8.59	  0.0003835977
  8.60	  0.0003867740
  8.61	  0.0003896998
  8.62	  0.0003923786
  8.63	  0.0003948140
  8.64	  0.0003970096
  8.65	  0.0003989691
  8.66	  0.0004006963
  8.67	  0.0004021949
  8.68	  0.0004034686
  8.69	  0.0004045215
  8.70	  0.0004053572
  8.71	  0.0004059797
  8.72	  0.0004063930
  8.73	  0.0004066009
  8.74	  0.0004066074
  8.75	  0.0004064165
  8.76	  0.0004060323
  8.77	  0.0004054586
  8.78	  0.0004046996
  8.79	  0.0004037594
  8.80	  0.0004026418
  8.81	  0.0004013511
  8.82	  0.0003998912
  8.83	  0.0003982662
  8.84	  0.0003964802
  8.85	  0.0003945371
  8.86	  0.0003924412
  8.87	  0.0003901964
  8.88	  0.0003878067
  8.89	  0.0003852762
  8.90	  0.0003826089
  8.91	  0.0003798088
  8.92	  0.0003768799
  8.93	  0.0003738262
  8.94	  0.0003706515
  8.95	  0.0003673599
  8.96	  0.0003639553
  8.97	  0.0003604415
  8.98	  0.0003568224
  8.99	  0.0003531019
  9.00	  0.0003492838
  9.01	  0.0003453718
  9.02	  0.0003413697
  9.03	  0.0003372813
  9.04	  0.0003331102
  9.05	  0.0003288600
  9.06	  0.0003245345
  9.07	  0.0003201373
  9.08	  0.0003156717
  9.09	  0.0003111415
  9.10	  0.0003065500
  9.11	  0.0003019007
  9.12	  0.0002971971
  9.13	  0.0002924423
  9.14	  0.0002876399
  9.15	  0.0002827930
  9.16	  0.0002779049
  9.17	  0.0002729787
  9.18	  0.0002680177
  9.19	  0.0002630249
  9.20	  0.0002580034
  9.21	  0.0002529561
  9.22	  0.0002478860
  9.23	  0.0002427961
  9.24	  0.0002376892
  9.25	  0.0002325681
  9.26	  0.0002274356
  9.27	  0.0002222944
  9.28	  0.0002171471
  9.29	  0.0002119964
  9.30	  0.0002068449
  9.31	  0.0002016950
  9.32	  0.0001965493
  9.33	  0.0001914101
  9.34	  0.0001862798
  9.35	  0.0001811607
  9.36	  0.0001760551
  9.37	  0.0001709652
  9.38	  0.0001658932
  9.39	  0.0001608411
  9.40	  0.0001558110
  9.41	  0.0001508049
  9.42	  0.0001458248
  9.43	  0.0001408725
  9.44	  0.0001359500
  9.45	  0.0001310590
  9.46	  0.0001262013
  9.47	  0.0001213785
  9.48	  0.0001165924
  9.49	  0.0001118445
  9.50	  0.0001071363
  9.51	  0.0001024694
  9.52	  0.0000978451
  9.53	  0.0000932650
  9.54	  0.0000887304
  9.55	  0.0000842424
  9.56	  0.0000798025
  9.57	  0.0000754118
  9.58	  0.0000710714
  9.59	  0.0000667826
  9.60	  0.0000625462
  9.61	  0.0000583634
  9.62	  0.0000542351
  9.63	  0.0000501622
  9.64	  0.0000461457
  9.65	  0.0000421863
  9.66	  0.0000382848
  9.67	  0.0000344420
  9.68	  0.0000306586
  9.69	  0.0000269353
  9.70	  0.0000232726
  9.71	  0.0000196712
  9.72	  0.0000161315
  9.73	  0.0000126541
  9.74	  0.0000092394
  9.75	  0.0000058878
  9.76	  0.0000025998
  9.77	  -0.0000006244
  9.78	  -0.0000037844
  9.79	  -0.0000068801
  9.80	  -0.0000099111
  9.81	  -0.0000128772
  9.82	  -0.0000157784
  9.83	  -0.0000186145
  9.84	  -0.0000213854
  9.85	  -0.0000240911
  9.86	  -0.0000267314
  9.87	  -0.0000293066
  9.88	  -0.0000318165
  9.89	  -0.0000342613
  9.90	  -0.0000366410
  9.91	  -0.0000389559
  9.92	  -0.0000412060
  9.93	  -0.0000433915
  9.94	  -0.0000455128
  9.95	  -0.0000475699
  9.96	  -0.0000495633
  9.97	  -0.0000514931
  9.98	  -0.0000533597
  9.99	  -0.0000551635
  10.00	  -0.0000569048
