  0.01	  -0.0499000959
  0.02	  -0.0996760651
  0.03	  -0.1493038684
  0.04	  -0.1987596899
  0.05	  -0.2480200380
  0.06	  -0.2970617712
  0.07	  -0.3458622098
  0.08	  -0.3943991959
  0.09	  -0.4426510930
  0.10	  -0.4905968606
  0.11	  -0.5382161736
  0.12	  -0.5854894519
  0.13	  -0.6323976517
  0.14	  -0.6789228320
  0.15	  -0.7250475883
  0.16	  -0.7707555294
  0.17	  -0.8160310984
  0.18	  -0.8608595729
  0.19	  -0.9052271843
  0.20	  -0.9491210580
  0.21	  -0.9925292730
  0.22	  -1.0354408026
  0.23	  -1.0778455734
  0.24	  -1.1197342873
  0.25	  -1.1610985994
  0.26	  -1.2019313574
  0.27	  -1.2422258854
  0.28	  -1.2819764614
  0.29	  -1.3211783171
  0.30	  -1.3598273993
  0.31	  -1.3979206085
  0.32	  -1.4354554415
  0.33	  -1.4724301100
  0.34	  -1.5088437796
  0.35	  -1.5446959734
  0.36	  -1.5799871683
  0.37	  -1.6147183180
  0.38	  -1.6488908529
  0.39	  -1.6825070381
  0.40	  -1.7155696154
  0.41	  -1.7480815649
  0.42	  -1.7800467014
  0.43	  -1.8114689589
  0.44	  -1.8423529863
  0.45	  -1.8727036715
  0.46	  -1.9025262594
  0.47	  -1.9318263531
  0.48	  -1.9606097937
  0.49	  -1.9888828993
  0.50	  -2.0166521072
  0.51	  -2.0439240932
  0.52	  -2.0707056522
  0.53	  -2.0970041752
  0.54	  -2.1228265762
  0.55	  -2.1481804848
  0.56	  -2.1730735302
  0.57	  -2.1975133419
  0.58	  -2.2215077877
  0.59	  -2.2450647354
  0.60	  -2.2681920528
  0.61	  -2.2908978462
  0.62	  -2.3131902218
  0.63	  -2.3350772858
  0.64	  -2.3565671444
  0.65	  -2.3776679039
  0.66	  -2.3983876705
  0.67	  -2.4187347889
  0.68	  -2.4387173653
  0.69	  -2.4583432674
  0.70	  -2.4776210785
  0.71	  -2.4965584278
  0.72	  -2.5151634216
  0.73	  -2.5334444046
  0.74	  -2.5514090061
  0.75	  -2.5690650940
  0.76	  -2.5864205360
  0.77	  -2.6034832001
  0.78	  -2.6202607155
  0.79	  -2.6367609501
  0.80	  -2.6529912949
  0.81	  -2.6689591408
  0.82	  -2.6846723557
  0.83	  -2.7001380920
  0.84	  -2.7153635025
  0.85	  -2.7303559780
  0.86	  -2.7451226711
  0.87	  -2.7596707344
  0.88	  -2.7740073204
  0.89	  -2.7881391048
  0.90	  -2.8020730019
  0.91	  -2.8158159256
  0.92	  -2.8293747902
  0.93	  -2.8427557945
  0.94	  -2.8559660912
  0.95	  -2.8690116405
  0.96	  -2.8818993568
  0.97	  -2.8946356773
  0.98	  -2.9072265625
  0.99	  -2.9196784496
  1.00	  -2.9319975376
  1.01	  -2.9441900253
  1.02	  -2.9562621117
  1.03	  -2.9682197571
  1.04	  -2.9800689220
  1.05	  -2.9918153286
  1.06	  -3.0034654140
  1.07	  -3.0150244236
  1.08	  -3.0264985561
  1.09	  -3.0378932953
  1.10	  -3.0492146015
  1.11	  -3.0604679585
  1.12	  -3.0716588497
  1.13	  -3.0827932358
  1.14	  -3.0938763618
  1.15	  -3.1049137115
  1.16	  -3.1159112453
  1.17	  -3.1268737316
  1.18	  -3.1378073692
  1.19	  -3.1487169266
  1.20	  -3.1596078873
  1.21	  -3.1704859734
  1.22	  -3.1813561916
  1.23	  -3.1922240257
  1.24	  -3.2030949593
  1.25	  -3.2139737606
  1.26	  -3.2248663902
  1.27	  -3.2357776165
  1.28	  -3.2467131615
  1.29	  -3.2576777935
  1.30	  -3.2686772346
  1.31	  -3.2797164917
  1.32	  -3.2908010483
  1.33	  -3.3019361496
  1.34	  -3.3131268024
  1.35	  -3.3243784904
  1.36	  -3.3356966972
  1.37	  -3.3470864296
  1.38	  -3.3585531712
  1.39	  -3.3701021671
  1.40	  -3.3817389011
  1.41	  -3.3934686184
  1.42	  -3.4052965641
  1.43	  -3.4172284603
  1.44	  -3.4292695522
  1.45	  -3.4414255619
  1.46	  -3.4537014961
  1.47	  -3.4661028385
  1.48	  -3.4786355495
  1.49	  -3.4913051128
  1.50	  -3.5041165352
  1.51	  -3.5170760155
  1.52	  -3.5301890373
  1.53	  -3.5434610844
  1.54	  -3.5568978786
  1.55	  -3.5705051422
  1.56	  -3.5842885971
  1.57	  -3.5982539654
  1.58	  -3.6124074459
  1.59	  -3.6267542839
  1.60	  -3.6413004398
  1.61	  -3.6560521126
  1.62	  -3.6710150242
  1.63	  -3.6861951351
  1.64	  -3.7015981674
  1.65	  -3.7172303200
  1.66	  -3.7330977917
  1.67	  -3.7492060661
  1.68	  -3.7655615807
  1.69	  -3.7821700573
  1.70	  -3.7990379333
  1.71	  -3.8161709309
  1.72	  -3.8335752487
  1.73	  -3.8512570858
  1.74	  -3.8692224026
  1.75	  -3.8874769211
  1.76	  -3.9060273170
  1.77	  -3.9248790741
  1.78	  -3.9440383911
  1.79	  -3.9635112286
  1.80	  -3.9833037853
  1.81	  -4.0034213066
  1.82	  -4.0238699913
  1.83	  -4.0446557999
  1.84	  -4.0657844543
  1.85	  -4.0872612000
  1.86	  -4.1090917587
  1.87	  -4.1312813759
  1.88	  -4.1538362503
  1.89	  -4.1767606735
  1.90	  -4.2000598907
  1.91	  -4.2237391472
  1.92	  -4.2478027344
  1.93	  -4.2722563744
  1.94	  -4.2971034050
  1.95	  -4.3223485947
  1.96	  -4.3479957581
  1.97	  -4.3740487099
  1.98	  -4.4005112648
  1.99	  -4.4273867607
  2.00	  -4.4546780586
  2.01	  -4.4823880196
  2.02	  -4.5105190277
  2.03	  -4.5390734673
  2.04	  -4.5680522919
  2.05	  -4.5974578857
  2.06	  -4.6272902489
  2.07	  -4.6575508118
  2.08	  -4.6882395744
  2.09	  -4.7193560600
  2.10	  -4.7508997917
  2.11	  -4.7828693390
  2.12	  -4.8152627945
  2.13	  -4.8480787277
  2.14	  -4.8813138008
  2.15	  -4.9149641991
  2.16	  -4.9490270615
  2.17	  -4.9834976196
  2.18	  -5.0183706284
  2.19	  -5.0536403656
  2.20	  -5.0893006325
  2.21	  -5.1253447533
  2.22	  -5.1617650986
  2.23	  -5.1985530853
  2.24	  -5.2357001305
  2.25	  -5.2731966972
  2.26	  -5.3110327721
  2.27	  -5.3491973877
  2.28	  -5.3876791000
  2.29	  -5.4264655113
  2.30	  -5.4655442238
  2.31	  -5.5049018860
  2.32	  -5.5445241928
  2.33	  -5.5843963623
  2.34	  -5.6245036125
  2.35	  -5.6648302078
  2.36	  -5.7053599358
  2.37	  -5.7460756302
  2.38	  -5.7869601250
  2.39	  -5.8279957771
  2.40	  -5.8691639900
  2.41	  -5.9104471207
  2.42	  -5.9518256187
  2.43	  -5.9932804108
  2.44	  -6.0347919464
  2.45	  -6.0763406754
  2.46	  -6.1179065704
  2.47	  -6.1594696045
  2.48	  -6.2010097504
  2.49	  -6.2425069809
  2.50	  -6.2839407921
  2.51	  -6.3252911568
  2.52	  -6.3665380478
  2.53	  -6.4076614380
  2.54	  -6.4486413002
  2.55	  -6.4894585609
  2.56	  -6.5300936699
  2.57	  -6.5705280304
  2.58	  -6.6107420921
  2.59	  -6.6507182121
  2.60	  -6.6904382706
  2.61	  -6.7298846245
  2.62	  -6.7690405846
  2.63	  -6.8078894615
  2.64	  -6.8464150429
  2.65	  -6.8846015930
  2.66	  -6.9224348068
  2.67	  -6.9599003792
  2.68	  -6.9969840050
  2.69	  -7.0336728096
  2.70	  -7.0699539185
  2.71	  -7.1058158875
  2.72	  -7.1412467957
  2.73	  -7.1762361526
  2.74	  -7.2107744217
  2.75	  -7.2448511124
  2.76	  -7.2784585953
  2.77	  -7.3115873337
  2.78	  -7.3442306519
  2.79	  -7.3763809204
  2.80	  -7.4080314636
  2.81	  -7.4391775131
  2.82	  -7.4698123932
  2.83	  -7.4999322891
  2.84	  -7.5295324326
  2.85	  -7.5586090088
  2.86	  -7.5871591568
  2.87	  -7.6151795387
  2.88	  -7.6426677704
  2.89	  -7.6696219444
  2.90	  -7.6960411072
  2.91	  -7.7219233513
  2.92	  -7.7472686768
  2.93	  -7.7720761299
  2.94	  -7.7963457108
  2.95	  -7.8200778961
  2.96	  -7.8432726860
  2.97	  -7.8659315109
  2.98	  -7.8880553246
  2.99	  -7.9096450806
  3.00	  -7.9307026863
  3.01	  -7.9512300491
  3.02	  -7.9712285995
  3.03	  -7.9907007217
  3.04	  -8.0096483231
  3.05	  -8.0280742645
  3.06	  -8.0459814072
  3.07	  -8.0633716583
  3.08	  -8.0802478790
  3.09	  -8.0966129303
  3.10	  -8.1124696732
  3.11	  -8.1278209686
  3.12	  -8.1426696777
  3.13	  -8.1570196152
  3.14	  -8.1708736420
  3.15	  -8.1842336655
  3.16	  -8.1971035004
  3.17	  -8.2094869614
  3.18	  -8.2213859558
  3.19	  -8.2328042984
  3.20	  -8.2437438965
  3.21	  -8.2542095184
  3.22	  -8.2642021179
  3.23	  -8.2737264633
  3.24	  -8.2827835083
  3.25	  -8.2913770676
  3.26	  -8.2995100021
  3.27	  -8.3071842194
  3.28	  -8.3144025803
  3.29	  -8.3211669922
  3.30	  -8.3274812698
  3.31	  -8.3333473206
  3.32	  -8.3387660980
  3.33	  -8.3437404633
  3.34	  -8.3482732773
  3.35	  -8.3523654938
  3.36	  -8.3560190201
  3.37	  -8.3592357635
  3.38	  -8.3620166779
  3.39	  -8.3643646240
  3.40	  -8.3662805557
  3.41	  -8.3677654266
  3.42	  -8.3688211441
  3.43	  -8.3694477081
  3.44	  -8.3696460724
  3.45	  -8.3694190979
  3.46	  -8.3687658310
  3.47	  -8.3676872253
  3.48	  -8.3661832809
  3.49	  -8.3642568588
  3.50	  -8.3619050980
  3.51	  -8.3591308594
  3.52	  -8.3559341431
  3.53	  -8.3523130417
  3.54	  -8.3482694626
  3.55	  -8.3438024521
  3.56	  -8.3389120102
  3.57	  -8.3335981369
  3.58	  -8.3278598785
  3.59	  -8.3216972351
  3.60	  -8.3151092529
  3.61	  -8.3080959320
  3.62	  -8.3006563187
  3.63	  -8.2927894592
  3.64	  -8.2844953537
  3.65	  -8.2757720947
  3.66	  -8.2666196823
  3.67	  -8.2570362091
  3.68	  -8.2470216751
  3.69	  -8.2365751266
  3.70	  -8.2256937027
  3.71	  -8.2143783569
  3.72	  -8.2026271820
  3.73	  -8.1904382706
  3.74	  -8.1778125763
  3.75	  -8.1647462845
  3.76	  -8.1512403488
  3.77	  -8.1372928619
  3.78	  -8.1229028702
  3.79	  -8.1080694199
  3.80	  -8.0927915573
  3.81	  -8.0770683289
  3.82	  -8.0608978271
  3.83	  -8.0442810059
  3.84	  -8.0272169113
  3.85	  -8.0097036362
  3.86	  -7.9917411804
  3.87	  -7.9733295441
  3.88	  -7.9544682503
  3.89	  -7.9351572990
  3.90	  -7.9153966904
  3.91	  -7.8951864243
  3.92	  -7.8745274544
  3.93	  -7.8534197807
  3.94	  -7.8318643570
  3.95	  -7.8098621368
  3.96	  -7.7874145508
  3.97	  -7.7645230293
  3.98	  -7.7411894798
  3.99	  -7.7174158096
  4.00	  -7.6932044029
  4.01	  -7.6685576439
  4.02	  -7.6434783936
  4.03	  -7.6179704666
  4.04	  -7.5920372009
  4.05	  -7.5656828880
  4.06	  -7.5389108658
  4.07	  -7.5117273331
  4.08	  -7.4841361046
  4.09	  -7.4561433792
  4.10	  -7.4277548790
  4.11	  -7.3989772797
  4.12	  -7.3698172569
  4.13	  -7.3402814865
  4.14	  -7.3103780746
  4.15	  -7.2801156044
  4.16	  -7.2495017052
  4.17	  -7.2185459137
  4.18	  -7.1872577667
  4.19	  -7.1556472778
  4.20	  -7.1237244606
  4.21	  -7.0915002823
  4.22	  -7.0589866638
  4.23	  -7.0261945724
  4.24	  -6.9931364059
  4.25	  -6.9598250389
  4.26	  -6.9262733459
  4.27	  -6.8924946785
  4.28	  -6.8585033417
  4.29	  -6.8243131638
  4.30	  -6.7899389267
  4.31	  -6.7553954124
  4.32	  -6.7206978798
  4.33	  -6.6858615875
  4.34	  -6.6509032249
  4.35	  -6.6158385277
  4.36	  -6.5806832314
  4.37	  -6.5454549789
  4.38	  -6.5101695061
  4.39	  -6.4748439789
  4.40	  -6.4394960403
  4.41	  -6.4041414261
  4.42	  -6.3687987328
  4.43	  -6.3334841728
  4.44	  -6.2982153893
  4.45	  -6.2630095482
  4.46	  -6.2278833389
  4.47	  -6.1928544044
  4.48	  -6.1579389572
  4.49	  -6.1231546402
  4.50	  -6.0885171890
  4.51	  -6.0540432930
  4.52	  -6.0197491646
  4.53	  -5.9856510162
  4.54	  -5.9517641068
  4.55	  -5.9181036949
  4.56	  -5.8846855164
  4.57	  -5.8515233994
  4.58	  -5.8186321259
  4.59	  -5.7860255241
  4.60	  -5.7537174225
  4.61	  -5.7217206955
  4.62	  -5.6900486946
  4.63	  -5.6587128639
  4.64	  -5.6277256012
  4.65	  -5.5970988274
  4.66	  -5.5668425560
  4.67	  -5.5369682312
  4.68	  -5.5074853897
  4.69	  -5.4784040451
  4.70	  -5.4497332573
  4.71	  -5.4214820862
  4.72	  -5.3936586380
  4.73	  -5.3662705421
  4.74	  -5.3393259048
  4.75	  -5.3128309250
  4.76	  -5.2867922783
  4.77	  -5.2612166405
  4.78	  -5.2361097336
  4.79	  -5.2114763260
  4.80	  -5.1873216629
  4.81	  -5.1636505127
  4.82	  -5.1404666901
  4.83	  -5.1177744865
  4.84	  -5.0955772400
  4.85	  -5.0738778114
  4.86	  -5.0526800156
  4.87	  -5.0319852829
  4.88	  -5.0117964745
  4.89	  -4.9921154976
  4.90	  -4.9729442596
  4.91	  -4.9542837143
  4.92	  -4.9361357689
  4.93	  -4.9185009003
  4.94	  -4.9013805389
  4.95	  -4.8847746849
  4.96	  -4.8686842918
  4.97	  -4.8531093597
  4.98	  -4.8380498886
  4.99	  -4.8235058784
  5.00	  -4.8094768524
  5.01	  -4.7959632874
  5.02	  -4.7829642296
  5.03	  -4.7704792023
  5.04	  -4.7585077286
  5.05	  -4.7470488548
  5.06	  -4.7361016273
  5.07	  -4.7256655693
  5.08	  -4.7157397270
  5.09	  -4.7063231468
  5.10	  -4.6974143982
  5.11	  -4.6890125275
  5.12	  -4.6811170578
  5.13	  -4.6737260818
  5.14	  -4.6668386459
  5.15	  -4.6604542732
  5.16	  -4.6545710564
  5.17	  -4.6491880417
  5.18	  -4.6443037987
  5.19	  -4.6399178505
  5.20	  -4.6360287666
  5.21	  -4.6326351166
  5.22	  -4.6297359467
  5.23	  -4.6273303032
  5.24	  -4.6254167557
  5.25	  -4.6239948273
  5.26	  -4.6230630875
  5.27	  -4.6226201057
  5.28	  -4.6226658821
  5.29	  -4.6231985092
  5.30	  -4.6242175102
  5.31	  -4.6257219315
  5.32	  -4.6277108192
  5.33	  -4.6301832199
  5.34	  -4.6331386566
  5.35	  -4.6365756989
  5.36	  -4.6404933929
  5.37	  -4.6448917389
  5.38	  -4.6497693062
  5.39	  -4.6551256180
  5.40	  -4.6609597206
  5.41	  -4.6672706604
  5.42	  -4.6740574837
  5.43	  -4.6813201904
  5.44	  -4.6890573502
  5.45	  -4.6972680092
  5.46	  -4.7059516907
  5.47	  -4.7151069641
  5.48	  -4.7247338295
  5.49	  -4.7348303795
  5.50	  -4.7453956604
  5.51	  -4.7564291954
  5.52	  -4.7679295540
  5.53	  -4.7798953056
  5.54	  -4.7923250198
  5.55	  -4.8052182198
  5.56	  -4.8185725212
  5.57	  -4.8323864937
  5.58	  -4.8466591835
  5.59	  -4.8613877296
  5.60	  -4.8765711784
  5.61	  -4.8922066689
  5.62	  -4.9082922935
  5.63	  -4.9248256683
  5.64	  -4.9418044090
  5.65	  -4.9592256546
  5.66	  -4.9770865440
  5.67	  -4.9953837395
  5.68	  -5.0141143799
  5.69	  -5.0332746506
  5.70	  -5.0528612137
  5.71	  -5.0728693008
  5.72	  -5.0932955742
  5.73	  -5.1141352654
  5.74	  -5.1353836060
  5.75	  -5.1570358276
  5.76	  -5.1790862083
  5.77	  -5.2015295029
  5.78	  -5.2243595123
  5.79	  -5.2475705147
  5.80	  -5.2711563110
  5.81	  -5.2951097488
  5.82	  -5.3194236755
  5.83	  -5.3440904617
  5.84	  -5.3691034317
  5.85	  -5.3944535255
  5.86	  -5.4201326370
  5.87	  -5.4461321831
  5.88	  -5.4724431038
  5.89	  -5.4990558624
  5.90	  -5.5259609222
  5.91	  -5.5531482697
  5.92	  -5.5806078911
  5.93	  -5.6083283424
  5.94	  -5.6362986565
  5.95	  -5.6645083427
  5.96	  -5.6929450035
  5.97	  -5.7215971947
  5.98	  -5.7504525185
  5.99	  -5.7794985771
  6.00	  -5.8087224960
  6.01	  -5.8381114006
  6.02	  -5.8676524162
  6.03	  -5.8973312378
  6.04	  -5.9271349907
  6.05	  -5.9570493698
  6.06	  -5.9870605469
  6.07	  -6.0171546936
  6.08	  -6.0473165512
  6.09	  -6.0775327682
  6.10	  -6.1077880859
  6.11	  -6.1380677223
  6.12	  -6.1683578491
  6.13	  -6.1986432076
  6.14	  -6.2289090157
  6.15	  -6.2591404915
  6.16	  -6.2893228531
  6.17	  -6.3194422722
  6.18	  -6.3494830132
  6.19	  -6.3794312477
  6.20	  -6.4092717171
  6.21	  -6.4389915466
  6.22	  -6.4685750008
  6.23	  -6.4980092049
  6.24	  -6.5272798538
  6.25	  -6.5563735962
  6.26	  -6.5852766037
  6.27	  -6.6139760017
  6.28	  -6.6424589157
  6.29	  -6.6707119942
  6.30	  -6.6987237930
  6.31	  -6.7264814377
  6.32	  -6.7539734840
  6.33	  -6.7811884880
  6.34	  -6.8081145287
  6.35	  -6.8347415924
  6.36	  -6.8610582352
  6.37	  -6.8870544434
  6.38	  -6.9127206802
  6.39	  -6.9380474091
  6.40	  -6.9630246162
  6.41	  -6.9876441956
  6.42	  -7.0118970871
  6.43	  -7.0357751846
  6.44	  -7.0592703819
  6.45	  -7.0823760033
  6.46	  -7.1050839424
  6.47	  -7.1273875237
  6.48	  -7.1492805481
  6.49	  -7.1707563400
  6.50	  -7.1918096542
  6.51	  -7.2124338150
  6.52	  -7.2326250076
  6.53	  -7.2523770332
  6.54	  -7.2716860771
  6.55	  -7.2905468941
  6.56	  -7.3089561462
  6.57	  -7.3269095421
  6.58	  -7.3444037437
  6.59	  -7.3614354134
  6.60	  -7.3780012131
  6.61	  -7.3940982819
  6.62	  -7.4097247124
  6.63	  -7.4248771667
  6.64	  -7.4395542145
  6.65	  -7.4537529945
  6.66	  -7.4674725533
  6.67	  -7.4807109833
  6.68	  -7.4934668541
  6.69	  -7.5057387352
  6.70	  -7.5175256729
  6.71	  -7.5288267136
  6.72	  -7.5396409035
  6.73	  -7.5499677658
  6.74	  -7.5598063469
  6.75	  -7.5691561699
  6.76	  -7.5780177116
  6.77	  -7.5863900185
  6.78	  -7.5942730904
  6.79	  -7.6016669273
  6.80	  -7.6085715294
  6.81	  -7.6149873734
  6.82	  -7.6209144592
  6.83	  -7.6263527870
  6.84	  -7.6313033104
  6.85	  -7.6357660294
  6.86	  -7.6397418976
  6.87	  -7.6432309151
  6.88	  -7.6462335587
  6.89	  -7.6487512589
  6.90	  -7.6507840157
  6.91	  -7.6523332596
  6.92	  -7.6533994675
  6.93	  -7.6539831161
  6.94	  -7.6540861130
  6.95	  -7.6537084579
  6.96	  -7.6528511047
  6.97	  -7.6515159607
  6.98	  -7.6497035027
  6.99	  -7.6474146843
  7.00	  -7.6446514130
  7.01	  -7.6414141655
  7.02	  -7.6377048492
  7.03	  -7.6335239410
  7.04	  -7.6288738251
  7.05	  -7.6237554550
  7.06	  -7.6181702614
  7.07	  -7.6121196747
  7.08	  -7.6056060791
  7.09	  -7.5986304283
  7.10	  -7.5911946297
  7.11	  -7.5833005905
  7.12	  -7.5749502182
  7.13	  -7.5661458969
  7.14	  -7.5568890572
  7.15	  -7.5471825600
  7.16	  -7.5370287895
  7.17	  -7.5264291763
  7.18	  -7.5153870583
  7.19	  -7.5039052963
  7.20	  -7.4919862747
  7.21	  -7.4796323776
  7.22	  -7.4668478966
  7.23	  -7.4536347389
  7.24	  -7.4399971962
  7.25	  -7.4259381294
  7.26	  -7.4114618301
  7.27	  -7.3965716362
  7.28	  -7.3812713623
  7.29	  -7.3655657768
  7.30	  -7.3494586945
  7.31	  -7.3329553604
  7.32	  -7.3160595894
  7.33	  -7.2987771034
  7.34	  -7.2811126709
  7.35	  -7.2630720139
  7.36	  -7.2446608543
  7.37	  -7.2258844376
  7.38	  -7.2067489624
  7.39	  -7.1872611046
  7.40	  -7.1674270630
  7.41	  -7.1472535133
  7.42	  -7.1267480850
  7.43	  -7.1059174538
  7.44	  -7.0847687721
  7.45	  -7.0633111000
  7.46	  -7.0415511131
  7.47	  -7.0194978714
  7.48	  -6.9971599579
  7.49	  -6.9745454788
  7.50	  -6.9516634941
  7.51	  -6.9285240173
  7.52	  -6.9051356316
  7.53	  -6.8815083504
  7.54	  -6.8576526642
  7.55	  -6.8335781097
  7.56	  -6.8092951775
  7.57	  -6.7848148346
  7.58	  -6.7601480484
  7.59	  -6.7353048325
  7.60	  -6.7102975845
  7.61	  -6.6851367950
  7.62	  -6.6598348618
  7.63	  -6.6344027519
  7.64	  -6.6088528633
  7.65	  -6.5831971169
  7.66	  -6.5574479103
  7.67	  -6.5316171646
  7.68	  -6.5057172775
  7.69	  -6.4797606468
  7.70	  -6.4537601471
  7.71	  -6.4277281761
  7.72	  -6.4016771317
  7.73	  -6.3756203651
  7.74	  -6.3495702744
  7.75	  -6.3235392570
  7.76	  -6.2975401878
  7.77	  -6.2715854645
  7.78	  -6.2456884384
  7.79	  -6.2198610306
  7.80	  -6.1941161156
  7.81	  -6.1684656143
  7.82	  -6.1429219246
  7.83	  -6.1174979210
  7.84	  -6.0922050476
  7.85	  -6.0670552254
  7.86	  -6.0420603752
  7.87	  -6.0172319412
  7.88	  -5.9925818443
  7.89	  -5.9681205750
  7.90	  -5.9438595772
  7.91	  -5.9198102951
  7.92	  -5.8959822655
  7.93	  -5.8723864555
  7.94	  -5.8490328789
  7.95	  -5.8259320259
  7.96	  -5.8030929565
  7.97	  -5.7805252075
  7.98	  -5.7582383156
  7.99	  -5.7362408638
  8.00	  -5.7145419121
  8.01	  -5.6931490898
  8.02	  -5.6720714569
  8.03	  -5.6513166428
  8.04	  -5.6308922768
  8.05	  -5.6108055115
  8.06	  -5.5910630226
  8.07	  -5.5716729164
  8.08	  -5.5526404381
  8.09	  -5.5339722633
  8.10	  -5.5156745911
  8.11	  -5.4977531433
  8.12	  -5.4802136421
  8.13	  -5.4630608559
  8.14	  -5.4463000298
  8.15	  -5.4299364090
  8.16	  -5.4139733315
  8.17	  -5.3984160423
  8.18	  -5.3832683563
  8.19	  -5.3685340881
  8.20	  -5.3542170525
  8.21	  -5.3403205872
  8.22	  -5.3268475533
  8.23	  -5.3138008118
  8.24	  -5.3011841774
  8.25	  -5.2889990807
  8.26	  -5.2772488594
  8.27	  -5.2659349442
  8.28	  -5.2550597191
  8.29	  -5.2446255684
  8.30	  -5.2346334457
  8.31	  -5.2250857353
  8.32	  -5.2159833908
  8.33	  -5.2073273659
  8.34	  -5.1991195679
  8.35	  -5.1913599968
  8.36	  -5.1840505600
  8.37	  -5.1771917343
  8.38	  -5.1707835197
  8.39	  -5.1648268700
  8.40	  -5.1593222618
  8.41	  -5.1542701721
  8.42	  -5.1496696472
  8.43	  -5.1455221176
  8.44	  -5.1418271065
  8.45	  -5.1385836601
  8.46	  -5.1357927322
  8.47	  -5.1334533691
  8.48	  -5.1315646172
  8.49	  -5.1301269531
  8.50	  -5.1291394234
  8.51	  -5.1286010742
  8.52	  -5.1285114288
  8.53	  -5.1288695335
  8.54	  -5.1296744347
  8.55	  -5.1309247017
  8.56	  -5.1326193810
  8.57	  -5.1347575188
  8.58	  -5.1373376846
  8.59	  -5.1403584480
  8.60	  -5.1438183784
  8.61	  -5.1477155685
  8.62	  -5.1520485878
  8.63	  -5.1568160057
  8.64	  -5.1620154381
  8.65	  -5.1676449776
  8.66	  -5.1737027168
  8.67	  -5.1801862717
  8.68	  -5.1870937347
  8.69	  -5.1944227219
  8.70	  -5.2021703720
  8.71	  -5.2103343010
  8.72	  -5.2189116478
  8.73	  -5.2279000282
  8.74	  -5.2372956276
  8.75	  -5.2470960617
  8.76	  -5.2572975159
  8.77	  -5.2678976059
  8.78	  -5.2788915634
  8.79	  -5.2902765274
  8.80	  -5.3020486832
  8.81	  -5.3142037392
  8.82	  -5.3267378807
  8.83	  -5.3396468163
  8.84	  -5.3529257774
  8.85	  -5.3665704727
  8.86	  -5.3805766106
  8.87	  -5.3949379921
  8.88	  -5.4096508026
  8.89	  -5.4247088432
  8.90	  -5.4401073456
  8.91	  -5.4558405876
  8.92	  -5.4719018936
  8.93	  -5.4882860184
  8.94	  -5.5049867630
  8.95	  -5.5219974518
  8.96	  -5.5393114090
  8.97	  -5.5569219589
  8.98	  -5.5748219490
  8.99	  -5.5930047035
  9.00	  -5.6114625931
  9.01	  -5.6301879883
  9.02	  -5.6491727829
  9.03	  -5.6684098244
  9.04	  -5.6878900528
  9.05	  -5.7076058388
  9.06	  -5.7275485992
  9.07	  -5.7477087975
  9.08	  -5.7680788040
  9.09	  -5.7886490822
  9.10	  -5.8094100952
  9.11	  -5.8303523064
  9.12	  -5.8514671326
  9.13	  -5.8727440834
  9.14	  -5.8941736221
  9.15	  -5.9157457352
  9.16	  -5.9374504089
  9.17	  -5.9592771530
  9.18	  -5.9812159538
  9.19	  -6.0032558441
  9.20	  -6.0253868103
  9.21	  -6.0475983620
  9.22	  -6.0698795319
  9.23	  -6.0922193527
  9.24	  -6.1146068573
  9.25	  -6.1370320320
  9.26	  -6.1594829559
  9.27	  -6.1819496155
  9.28	  -6.2044200897
  9.29	  -6.2268843651
  9.30	  -6.2493305206
  9.31	  -6.2717485428
  9.32	  -6.2941265106
  9.33	  -6.3164548874
  9.34	  -6.3387212753
  9.35	  -6.3609161377
  9.36	  -6.3830285072
  9.37	  -6.4050474167
  9.38	  -6.4269623756
  9.39	  -6.4487633705
  9.40	  -6.4704394341
  9.41	  -6.4919810295
  9.42	  -6.5133781433
  9.43	  -6.5346198082
  9.44	  -6.5556974411
  9.45	  -6.5766010284
  9.46	  -6.5973205566
  9.47	  -6.6178469658
  9.48	  -6.6381716728
  9.49	  -6.6582851410
  9.50	  -6.6781792641
  9.51	  -6.6978445053
  9.52	  -6.7172727585
  9.53	  -6.7364563942
  9.54	  -6.7553868294
  9.55	  -6.7740564346
  9.56	  -6.7924575806
  9.57	  -6.8105831146
  9.58	  -6.8284258842
  9.59	  -6.8459787369
  9.60	  -6.8632349968
  9.61	  -6.8801879883
  9.62	  -6.8968319893
  9.63	  -6.9131598473
  9.64	  -6.9291672707
  9.65	  -6.9448471069
  9.66	  -6.9601945877
  9.67	  -6.9752044678
  9.68	  -6.9898719788
  9.69	  -7.0041913986
  9.70	  -7.0181593895
  9.71	  -7.0317707062
  9.72	  -7.0450210571
  9.73	  -7.0579066277
  9.74	  -7.0704240799
  9.75	  -7.0825695992
  9.76	  -7.0943388939
  9.77	  -7.1057300568
  9.78	  -7.1167387962
  9.79	  -7.1273632050
  9.80	  -7.1376004219
  9.81	  -7.1474471092
  9.82	  -7.1569018364
  9.83	  -7.1659617424
  9.84	  -7.1746253967
  9.85	  -7.1828904152
  9.86	  -7.1907548904
  9.87	  -7.1982178688
  9.88	  -7.2052779198
  9.89	  -7.2119331360
  9.90	  -7.2181825638
  9.91	  -7.2240257263
  9.92	  -7.2294607162
  9.93	  -7.2344880104
  9.94	  -7.2391061783
  9.95	  -7.2433147430
  9.96	  -7.2471137047
  9.97	  -7.2505025864
  9.98	  -7.2534813881
  9.99	  -7.2560496330
  10.00	  -7.2582082748
