  0.01	  -0.0475609750
  0.02	  -0.0927791744
  0.03	  -0.1357473284
  0.04	  -0.1765547693
  0.05	  -0.2152876556
  0.06	  -0.2520290017
  0.07	  -0.2868589163
  0.08	  -0.3198545277
  0.09	  -0.3510902822
  0.10	  -0.3806379735
  0.11	  -0.4085666835
  0.12	  -0.4349431396
  0.13	  -0.4598315060
  0.14	  -0.4832936525
  0.15	  -0.5053891540
  0.16	  -0.5261754394
  0.17	  -0.5457076430
  0.18	  -0.5640389323
  0.19	  -0.5812205076
  0.20	  -0.5973014832
  0.21	  -0.6123291254
  0.22	  -0.6263490319
  0.23	  -0.6394047737
  0.24	  -0.6515384316
  0.25	  -0.6627902985
  0.26	  -0.6731991768
  0.27	  -0.6828022599
  0.28	  -0.6916352510
  0.29	  -0.6997325420
  0.30	  -0.7071269155
  0.31	  -0.7138500810
  0.32	  -0.7199323177
  0.33	  -0.7254026532
  0.34	  -0.7302889824
  0.35	  -0.7346181273
  0.36	  -0.7384156585
  0.37	  -0.7417061329
  0.38	  -0.7445132136
  0.39	  -0.7468594313
  0.40	  -0.7487664819
  0.41	  -0.7502550483
  0.42	  -0.7513450980
  0.43	  -0.7520556450
  0.44	  -0.7524050474
  0.45	  -0.7524106503
  0.46	  -0.7520893216
  0.47	  -0.7514570951
  0.48	  -0.7505293489
  0.49	  -0.7493208647
  0.50	  -0.7478457093
  0.51	  -0.7461174130
  0.52	  -0.7441489697
  0.53	  -0.7419527173
  0.54	  -0.7395406365
  0.55	  -0.7369239926
  0.56	  -0.7341138124
  0.57	  -0.7311204672
  0.58	  -0.7279539108
  0.59	  -0.7246237993
  0.60	  -0.7211392522
  0.61	  -0.7175090909
  0.62	  -0.7137417197
  0.63	  -0.7098451853
  0.64	  -0.7058271170
  0.65	  -0.7016950250
  0.66	  -0.6974559426
  0.67	  -0.6931166053
  0.68	  -0.6886835098
  0.69	  -0.6841628551
  0.70	  -0.6795606017
  0.71	  -0.6748824716
  0.72	  -0.6701338291
  0.73	  -0.6653199196
  0.74	  -0.6604458094
  0.75	  -0.6555161476
  0.76	  -0.6505355835
  0.77	  -0.6455084682
  0.78	  -0.6404390335
  0.79	  -0.6353312135
  0.80	  -0.6301888824
  0.81	  -0.6250156760
  0.82	  -0.6198151112
  0.83	  -0.6145905852
  0.84	  -0.6093453169
  0.85	  -0.6040822864
  0.86	  -0.5988044143
  0.87	  -0.5935146213
  0.88	  -0.5882155299
  0.89	  -0.5829096437
  0.90	  -0.5775994658
  0.91	  -0.5722873211
  0.92	  -0.5669754148
  0.93	  -0.5616658330
  0.94	  -0.5563607216
  0.95	  -0.5510619283
  0.96	  -0.5457713604
  0.97	  -0.5404906869
  0.98	  -0.5352216959
  0.99	  -0.5299658775
  1.00	  -0.5247247815
  1.01	  -0.5194998980
  1.02	  -0.5142925978
  1.03	  -0.5091041327
  1.04	  -0.5039357543
  1.05	  -0.4987886846
  1.06	  -0.4936640263
  1.07	  -0.4885628223
  1.08	  -0.4834861159
  1.09	  -0.4784348011
  1.10	  -0.4734098315
  1.11	  -0.4684120417
  1.12	  -0.4634422362
  1.13	  -0.4585011601
  1.14	  -0.4535895288
  1.15	  -0.4487080276
  1.16	  -0.4438572824
  1.17	  -0.4390378892
  1.18	  -0.4342503846
  1.19	  -0.4294953048
  1.20	  -0.4247730970
  1.21	  -0.4200842679
  1.22	  -0.4154292047
  1.23	  -0.4108082652
  1.24	  -0.4062218666
  1.25	  -0.4016703069
  1.26	  -0.3971538544
  1.27	  -0.3926728666
  1.28	  -0.3882274926
  1.29	  -0.3838180304
  1.30	  -0.3794446886
  1.31	  -0.3751075864
  1.32	  -0.3708069026
  1.33	  -0.3665428162
  1.34	  -0.3623154163
  1.35	  -0.3581247628
  1.36	  -0.3539710045
  1.37	  -0.3498541713
  1.38	  -0.3457742929
  1.39	  -0.3417314291
  1.40	  -0.3377255797
  1.41	  -0.3337567449
  1.42	  -0.3298249245
  1.43	  -0.3259300888
  1.44	  -0.3220721483
  1.45	  -0.3182511032
  1.46	  -0.3144668937
  1.47	  -0.3107194006
  1.48	  -0.3070085645
  1.49	  -0.3033342659
  1.50	  -0.2996964455
  1.51	  -0.2960949242
  1.52	  -0.2925296128
  1.53	  -0.2890003622
  1.54	  -0.2855070531
  1.55	  -0.2820495069
  1.56	  -0.2786275744
  1.57	  -0.2752410769
  1.58	  -0.2718898654
  1.59	  -0.2685737610
  1.60	  -0.2652925551
  1.61	  -0.2620460987
  1.62	  -0.2588341534
  1.63	  -0.2556565404
  1.64	  -0.2525130510
  1.65	  -0.2494034618
  1.66	  -0.2463275641
  1.67	  -0.2432851642
  1.68	  -0.2402760088
  1.69	  -0.2372998893
  1.70	  -0.2343565822
  1.71	  -0.2314458340
  1.72	  -0.2285674214
  1.73	  -0.2257211059
  1.74	  -0.2229066640
  1.75	  -0.2201238126
  1.76	  -0.2173723429
  1.77	  -0.2146520019
  1.78	  -0.2119625360
  1.79	  -0.2093036920
  1.80	  -0.2066752315
  1.81	  -0.2040768862
  1.82	  -0.2015084177
  1.83	  -0.1989695579
  1.84	  -0.1964600682
  1.85	  -0.1939796656
  1.86	  -0.1915281266
  1.87	  -0.1891051680
  1.88	  -0.1867105514
  1.89	  -0.1843440086
  1.90	  -0.1820052713
  1.91	  -0.1796941161
  1.92	  -0.1774102449
  1.93	  -0.1751534343
  1.94	  -0.1729234010
  1.95	  -0.1707198918
  1.96	  -0.1685426682
  1.97	  -0.1663914621
  1.98	  -0.1642660201
  1.99	  -0.1621660888
  2.00	  -0.1600914150
  2.01	  -0.1580417454
  2.02	  -0.1560168117
  2.03	  -0.1540163904
  2.04	  -0.1520402133
  2.05	  -0.1500880271
  2.06	  -0.1481596082
  2.07	  -0.1462546885
  2.08	  -0.1443730146
  2.09	  -0.1425143629
  2.10	  -0.1406784803
  2.11	  -0.1388651282
  2.12	  -0.1370740682
  2.13	  -0.1353050470
  2.14	  -0.1335578561
  2.15	  -0.1318322271
  2.16	  -0.1301279366
  2.17	  -0.1284447461
  2.18	  -0.1267824471
  2.19	  -0.1251407713
  2.20	  -0.1235195324
  2.21	  -0.1219184771
  2.22	  -0.1203373820
  2.23	  -0.1187760308
  2.24	  -0.1172342002
  2.25	  -0.1157116666
  2.26	  -0.1142082140
  2.27	  -0.1127236187
  2.28	  -0.1112576798
  2.29	  -0.1098101661
  2.30	  -0.1083808839
  2.31	  -0.1069696099
  2.32	  -0.1055761427
  2.33	  -0.1042002812
  2.34	  -0.1028418094
  2.35	  -0.1015005261
  2.36	  -0.1001762450
  2.37	  -0.0988687500
  2.38	  -0.0975778475
  2.39	  -0.0963033438
  2.40	  -0.0950450525
  2.41	  -0.0938027725
  2.42	  -0.0925763175
  2.43	  -0.0913655013
  2.44	  -0.0901701301
  2.45	  -0.0889900252
  2.46	  -0.0878250077
  2.47	  -0.0866748914
  2.48	  -0.0855394900
  2.49	  -0.0844186395
  2.50	  -0.0833121538
  2.51	  -0.0822198689
  2.52	  -0.0811416060
  2.53	  -0.0800771937
  2.54	  -0.0790264681
  2.55	  -0.0779892579
  2.56	  -0.0769653991
  2.57	  -0.0759547278
  2.58	  -0.0749570876
  2.59	  -0.0739723146
  2.60	  -0.0730002522
  2.61	  -0.0720407367
  2.62	  -0.0710936263
  2.63	  -0.0701587573
  2.64	  -0.0692359805
  2.65	  -0.0683251470
  2.66	  -0.0674261078
  2.67	  -0.0665387213
  2.68	  -0.0656628311
  2.69	  -0.0647983104
  2.70	  -0.0639450029
  2.71	  -0.0631027669
  2.72	  -0.0622714795
  2.73	  -0.0614509918
  2.74	  -0.0606411733
  2.75	  -0.0598418862
  2.76	  -0.0590529963
  2.77	  -0.0582743809
  2.78	  -0.0575059056
  2.79	  -0.0567474402
  2.80	  -0.0559988618
  2.81	  -0.0552600436
  2.82	  -0.0545308664
  2.83	  -0.0538112000
  2.84	  -0.0531009324
  2.85	  -0.0523999371
  2.86	  -0.0517081022
  2.87	  -0.0510253049
  2.88	  -0.0503514372
  2.89	  -0.0496863797
  2.90	  -0.0490300246
  2.91	  -0.0483822562
  2.92	  -0.0477429703
  2.93	  -0.0471120514
  2.94	  -0.0464893989
  2.95	  -0.0458749048
  2.96	  -0.0452684611
  2.97	  -0.0446699709
  2.98	  -0.0440793298
  2.99	  -0.0434964336
  3.00	  -0.0429211855
  3.01	  -0.0423534885
  3.02	  -0.0417932458
  3.03	  -0.0412403569
  3.04	  -0.0406947285
  3.05	  -0.0401562713
  3.06	  -0.0396248884
  3.07	  -0.0391004905
  3.08	  -0.0385829844
  3.09	  -0.0380722843
  3.10	  -0.0375683010
  3.11	  -0.0370709486
  3.12	  -0.0365801416
  3.13	  -0.0360957943
  3.14	  -0.0356178209
  3.15	  -0.0351461396
  3.16	  -0.0346806720
  3.17	  -0.0342213325
  3.18	  -0.0337680466
  3.19	  -0.0333207324
  3.20	  -0.0328793153
  3.21	  -0.0324437134
  3.22	  -0.0320138559
  3.23	  -0.0315896645
  3.24	  -0.0311710685
  3.25	  -0.0307579935
  3.26	  -0.0303503666
  3.27	  -0.0299481191
  3.28	  -0.0295511782
  3.29	  -0.0291594770
  3.30	  -0.0287729464
  3.31	  -0.0283915177
  3.32	  -0.0280151255
  3.33	  -0.0276437048
  3.34	  -0.0272771884
  3.35	  -0.0269155130
  3.36	  -0.0265586153
  3.37	  -0.0262064338
  3.38	  -0.0258589052
  3.39	  -0.0255159698
  3.40	  -0.0251775682
  3.41	  -0.0248436369
  3.42	  -0.0245141219
  3.43	  -0.0241889637
  3.44	  -0.0238681044
  3.45	  -0.0235514883
  3.46	  -0.0232390612
  3.47	  -0.0229307655
  3.48	  -0.0226265471
  3.49	  -0.0223263539
  3.50	  -0.0220301338
  3.51	  -0.0217378307
  3.52	  -0.0214493982
  3.53	  -0.0211647823
  3.54	  -0.0208839327
  3.55	  -0.0206068028
  3.56	  -0.0203333404
  3.57	  -0.0200634971
  3.58	  -0.0197972283
  3.59	  -0.0195344836
  3.60	  -0.0192752201
  3.61	  -0.0190193895
  3.62	  -0.0187669471
  3.63	  -0.0185178481
  3.64	  -0.0182720497
  3.65	  -0.0180295054
  3.66	  -0.0177901760
  3.67	  -0.0175540168
  3.68	  -0.0173209868
  3.69	  -0.0170910452
  3.70	  -0.0168641508
  3.71	  -0.0166402627
  3.72	  -0.0164193418
  3.73	  -0.0162013490
  3.74	  -0.0159862451
  3.75	  -0.0157739930
  3.76	  -0.0155645553
  3.77	  -0.0153578939
  3.78	  -0.0151539724
  3.79	  -0.0149527537
  3.80	  -0.0147542031
  3.81	  -0.0145582864
  3.82	  -0.0143649662
  3.83	  -0.0141742108
  3.84	  -0.0139859840
  3.85	  -0.0138002541
  3.86	  -0.0136169875
  3.87	  -0.0134361517
  3.88	  -0.0132577149
  3.89	  -0.0130816437
  3.90	  -0.0129079092
  3.91	  -0.0127364798
  3.92	  -0.0125673236
  3.93	  -0.0124004120
  3.94	  -0.0122357141
  3.95	  -0.0120732021
  3.96	  -0.0119128469
  3.97	  -0.0117546180
  3.98	  -0.0115984902
  3.99	  -0.0114444327
  4.00	  -0.0112924203
  4.01	  -0.0111424252
  4.02	  -0.0109944204
  4.03	  -0.0108483797
  4.04	  -0.0107042780
  4.05	  -0.0105620883
  4.06	  -0.0104217855
  4.07	  -0.0102833454
  4.08	  -0.0101467427
  4.09	  -0.0100119533
  4.10	  -0.0098789530
  4.11	  -0.0097477175
  4.12	  -0.0096182255
  4.13	  -0.0094904518
  4.14	  -0.0093643740
  4.15	  -0.0092399698
  4.16	  -0.0091172177
  4.17	  -0.0089960955
  4.18	  -0.0088765817
  4.19	  -0.0087586539
  4.20	  -0.0086422917
  4.21	  -0.0085274754
  4.22	  -0.0084141828
  4.23	  -0.0083023943
  4.24	  -0.0081920912
  4.25	  -0.0080832522
  4.26	  -0.0079758577
  4.27	  -0.0078698900
  4.28	  -0.0077653299
  4.29	  -0.0076621580
  4.30	  -0.0075603561
  4.31	  -0.0074599059
  4.32	  -0.0073607899
  4.33	  -0.0072629903
  4.34	  -0.0071664895
  4.35	  -0.0070712701
  4.36	  -0.0069773155
  4.37	  -0.0068846089
  4.38	  -0.0067931330
  4.39	  -0.0067028725
  4.40	  -0.0066138110
  4.41	  -0.0065259319
  4.42	  -0.0064392202
  4.43	  -0.0063536605
  4.44	  -0.0062692370
  4.45	  -0.0061859349
  4.46	  -0.0061037391
  4.47	  -0.0060226354
  4.48	  -0.0059426092
  4.49	  -0.0058636456
  4.50	  -0.0057857311
  4.51	  -0.0057088514
  4.52	  -0.0056329933
  4.53	  -0.0055581429
  4.54	  -0.0054842862
  4.55	  -0.0054114112
  4.56	  -0.0053395042
  4.57	  -0.0052685523
  4.58	  -0.0051985430
  4.59	  -0.0051294640
  4.60	  -0.0050613023
  4.61	  -0.0049940464
  4.62	  -0.0049276841
  4.63	  -0.0048622033
  4.64	  -0.0047975923
  4.65	  -0.0047338395
  4.66	  -0.0046709343
  4.67	  -0.0046088644
  4.68	  -0.0045476193
  4.69	  -0.0044871876
  4.70	  -0.0044275592
  4.71	  -0.0043687229
  4.72	  -0.0043106680
  4.73	  -0.0042533847
  4.74	  -0.0041968627
  4.75	  -0.0041410914
  4.76	  -0.0040860609
  4.77	  -0.0040317620
  4.78	  -0.0039781840
  4.79	  -0.0039253184
  4.80	  -0.0038731550
  4.81	  -0.0038216847
  4.82	  -0.0037708983
  4.83	  -0.0037207867
  4.84	  -0.0036713409
  4.85	  -0.0036225521
  4.86	  -0.0035744116
  4.87	  -0.0035269107
  4.88	  -0.0034800409
  4.89	  -0.0034337940
  4.90	  -0.0033881615
  4.91	  -0.0033431356
  4.92	  -0.0032987078
  4.93	  -0.0032548702
  4.94	  -0.0032116154
  4.95	  -0.0031689350
  4.96	  -0.0031268219
  4.97	  -0.0030852684
  4.98	  -0.0030442672
  4.99	  -0.0030038108
  5.00	  -0.0029638917
  5.01	  -0.0029245033
  5.02	  -0.0028856383
  5.03	  -0.0028472897
  5.04	  -0.0028094505
  5.05	  -0.0027721145
  5.06	  -0.0027352744
  5.07	  -0.0026989237
  5.08	  -0.0026630561
  5.09	  -0.0026276654
  5.10	  -0.0025927448
  5.11	  -0.0025582882
  5.12	  -0.0025242895
  5.13	  -0.0024907426
  5.14	  -0.0024576415
  5.15	  -0.0024249803
  5.16	  -0.0023927533
  5.17	  -0.0023609542
  5.18	  -0.0023295779
  5.19	  -0.0022986184
  5.20	  -0.0022680704
  5.21	  -0.0022379283
  5.22	  -0.0022081868
  5.23	  -0.0021788406
  5.24	  -0.0021498844
  5.25	  -0.0021213128
  5.26	  -0.0020931209
  5.27	  -0.0020653040
  5.28	  -0.0020378565
  5.29	  -0.0020107736
  5.30	  -0.0019840507
  5.31	  -0.0019576831
  5.32	  -0.0019316658
  5.33	  -0.0019059943
  5.34	  -0.0018806638
  5.35	  -0.0018556700
  5.36	  -0.0018310084
  5.37	  -0.0018066745
  5.38	  -0.0017826640
  5.39	  -0.0017589725
  5.40	  -0.0017355960
  5.41	  -0.0017125300
  5.42	  -0.0016897706
  5.43	  -0.0016673136
  5.44	  -0.0016451551
  5.45	  -0.0016232912
  5.46	  -0.0016017177
  5.47	  -0.0015804309
  5.48	  -0.0015594270
  5.49	  -0.0015387023
  5.50	  -0.0015182530
  5.51	  -0.0014980754
  5.52	  -0.0014781660
  5.53	  -0.0014585211
  5.54	  -0.0014391374
  5.55	  -0.0014200113
  5.56	  -0.0014011393
  5.57	  -0.0013825181
  5.58	  -0.0013641444
  5.59	  -0.0013460149
  5.60	  -0.0013281263
  5.61	  -0.0013104754
  5.62	  -0.0012930592
  5.63	  -0.0012758743
  5.64	  -0.0012589180
  5.65	  -0.0012421869
  5.66	  -0.0012256781
  5.67	  -0.0012093887
  5.68	  -0.0011933158
  5.69	  -0.0011774566
  5.70	  -0.0011618081
  5.71	  -0.0011463676
  5.72	  -0.0011311322
  5.73	  -0.0011160994
  5.74	  -0.0011012664
  5.75	  -0.0010866304
  5.76	  -0.0010721890
  5.77	  -0.0010579395
  5.78	  -0.0010438793
  5.79	  -0.0010300061
  5.80	  -0.0010163172
  5.81	  -0.0010028102
  5.82	  -0.0009894827
  5.83	  -0.0009763324
  5.84	  -0.0009633568
  5.85	  -0.0009505537
  5.86	  -0.0009379207
  5.87	  -0.0009254556
  5.88	  -0.0009131562
  5.89	  -0.0009010202
  5.90	  -0.0008890455
  5.91	  -0.0008772300
  5.92	  -0.0008655714
  5.93	  -0.0008540679
  5.94	  -0.0008427172
  5.95	  -0.0008315173
  5.96	  -0.0008204664
  5.97	  -0.0008095622
  5.98	  -0.0007988030
  5.99	  -0.0007881868
  6.00	  -0.0007777117
  6.01	  -0.0007673758
  6.02	  -0.0007571772
  6.03	  -0.0007471142
  6.04	  -0.0007371849
  6.05	  -0.0007273876
  6.06	  -0.0007177205
  6.07	  -0.0007081818
  6.08	  -0.0006987700
  6.09	  -0.0006894832
  6.10	  -0.0006803198
  6.11	  -0.0006712783
  6.12	  -0.0006623568
  6.13	  -0.0006535540
  6.14	  -0.0006448682
  6.15	  -0.0006362977
  6.16	  -0.0006278412
  6.17	  -0.0006194971
  6.18	  -0.0006112639
  6.19	  -0.0006031400
  6.20	  -0.0005951242
  6.21	  -0.0005872149
  6.22	  -0.0005794107
  6.23	  -0.0005717102
  6.24	  -0.0005641120
  6.25	  -0.0005566149
  6.26	  -0.0005492173
  6.27	  -0.0005419182
  6.28	  -0.0005347159
  6.29	  -0.0005276094
  6.30	  -0.0005205974
  6.31	  -0.0005136786
  6.32	  -0.0005068516
  6.33	  -0.0005001155
  6.34	  -0.0004934689
  6.35	  -0.0004869106
  6.36	  -0.0004804394
  6.37	  -0.0004740543
  6.38	  -0.0004677540
  6.39	  -0.0004615374
  6.40	  -0.0004554035
  6.41	  -0.0004493511
  6.42	  -0.0004433791
  6.43	  -0.0004374865
  6.44	  -0.0004316722
  6.45	  -0.0004259352
  6.46	  -0.0004202744
  6.47	  -0.0004146889
  6.48	  -0.0004091776
  6.49	  -0.0004037395
  6.50	  -0.0003983738
  6.51	  -0.0003930793
  6.52	  -0.0003878552
  6.53	  -0.0003827005
  6.54	  -0.0003776143
  6.55	  -0.0003725957
  6.56	  -0.0003676438
  6.57	  -0.0003627578
  6.58	  -0.0003579366
  6.59	  -0.0003531796
  6.60	  -0.0003484857
  6.61	  -0.0003438543
  6.62	  -0.0003392844
  6.63	  -0.0003347752
  6.64	  -0.0003303260
  6.65	  -0.0003259359
  6.66	  -0.0003216041
  6.67	  -0.0003173299
  6.68	  -0.0003131125
  6.69	  -0.0003089512
  6.70	  -0.0003048451
  6.71	  -0.0003007937
  6.72	  -0.0002967961
  6.73	  -0.0002928516
  6.74	  -0.0002889595
  6.75	  -0.0002851192
  6.76	  -0.0002813299
  6.77	  -0.0002775909
  6.78	  -0.0002739017
  6.79	  -0.0002702615
  6.80	  -0.0002666696
  6.81	  -0.0002631255
  6.82	  -0.0002596285
  6.83	  -0.0002561780
  6.84	  -0.0002527733
  6.85	  -0.0002494139
  6.86	  -0.0002460991
  6.87	  -0.0002428284
  6.88	  -0.0002396012
  6.89	  -0.0002364168
  6.90	  -0.0002332748
  6.91	  -0.0002301745
  6.92	  -0.0002271154
  6.93	  -0.0002240970
  6.94	  -0.0002211187
  6.95	  -0.0002181800
  6.96	  -0.0002152803
  6.97	  -0.0002124192
  6.98	  -0.0002095961
  6.99	  -0.0002068105
  7.00	  -0.0002040619
  7.01	  -0.0002013499
  7.02	  -0.0001986739
  7.03	  -0.0001960335
  7.04	  -0.0001934282
  7.05	  -0.0001908575
  7.06	  -0.0001883209
  7.07	  -0.0001858181
  7.08	  -0.0001833485
  7.09	  -0.0001809118
  7.10	  -0.0001785074
  7.11	  -0.0001761350
  7.12	  -0.0001737941
  7.13	  -0.0001714844
  7.14	  -0.0001692053
  7.15	  -0.0001669565
  7.16	  -0.0001647376
  7.17	  -0.0001625482
  7.18	  -0.0001603879
  7.19	  -0.0001582563
  7.20	  -0.0001561531
  7.21	  -0.0001540777
  7.22	  -0.0001520300
  7.23	  -0.0001500095
  7.24	  -0.0001480158
  7.25	  -0.0001460487
  7.26	  -0.0001441076
  7.27	  -0.0001421924
  7.28	  -0.0001403026
  7.29	  -0.0001384380
  7.30	  -0.0001365981
  7.31	  -0.0001347827
  7.32	  -0.0001329914
  7.33	  -0.0001312239
  7.34	  -0.0001294799
  7.35	  -0.0001277591
  7.36	  -0.0001260611
  7.37	  -0.0001243858
  7.38	  -0.0001227326
  7.39	  -0.0001211015
  7.40	  -0.0001194920
  7.41	  -0.0001179039
  7.42	  -0.0001163370
  7.43	  -0.0001147908
  7.44	  -0.0001132652
  7.45	  -0.0001117599
  7.46	  -0.0001102746
  7.47	  -0.0001088090
  7.48	  -0.0001073629
  7.49	  -0.0001059360
  7.50	  -0.0001045281
  7.51	  -0.0001031389
  7.52	  -0.0001017682
  7.53	  -0.0001004156
  7.54	  -0.0000990811
  7.55	  -0.0000977643
  7.56	  -0.0000964650
  7.57	  -0.0000951829
  7.58	  -0.0000939179
  7.59	  -0.0000926697
  7.60	  -0.0000914381
  7.61	  -0.0000902229
  7.62	  -0.0000890238
  7.63	  -0.0000878407
  7.64	  -0.0000866732
  7.65	  -0.0000855213
  7.66	  -0.0000843847
  7.67	  -0.0000832632
  7.68	  -0.0000821566
  7.69	  -0.0000810648
  7.70	  -0.0000799874
  7.71	  -0.0000789243
  7.72	  -0.0000778754
  7.73	  -0.0000768404
  7.74	  -0.0000758192
  7.75	  -0.0000748115
  7.76	  -0.0000738173
  7.77	  -0.0000728362
  7.78	  -0.0000718682
  7.79	  -0.0000709131
  7.80	  -0.0000699706
  7.81	  -0.0000690407
  7.82	  -0.0000681231
  7.83	  -0.0000672177
  7.84	  -0.0000663244
  7.85	  -0.0000654429
  7.86	  -0.0000645732
  7.87	  -0.0000637150
  7.88	  -0.0000628682
  7.89	  -0.0000620327
  7.90	  -0.0000612082
  7.91	  -0.0000603948
  7.92	  -0.0000595921
  7.93	  -0.0000588001
  7.94	  -0.0000580186
  7.95	  -0.0000572476
  7.96	  -0.0000564867
  7.97	  -0.0000557360
  7.98	  -0.0000549953
  7.99	  -0.0000542644
  8.00	  -0.0000535432
  8.01	  -0.0000528316
  8.02	  -0.0000521294
  8.03	  -0.0000514366
  8.04	  -0.0000507530
  8.05	  -0.0000500785
  8.06	  -0.0000494129
  8.07	  -0.0000487562
  8.08	  -0.0000481082
  8.09	  -0.0000474689
  8.10	  -0.0000468380
  8.11	  -0.0000462155
  8.12	  -0.0000456013
  8.13	  -0.0000449952
  8.14	  -0.0000443972
  8.15	  -0.0000438072
  8.16	  -0.0000432250
  8.17	  -0.0000426505
  8.18	  -0.0000420837
  8.19	  -0.0000415244
  8.20	  -0.0000409725
  8.21	  -0.0000404280
  8.22	  -0.0000398907
  8.23	  -0.0000393605
  8.24	  -0.0000388374
  8.25	  -0.0000383212
  8.26	  -0.0000378119
  8.27	  -0.0000373094
  8.28	  -0.0000368136
  8.29	  -0.0000363243
  8.30	  -0.0000358415
  8.31	  -0.0000353652
  8.32	  -0.0000348952
  8.33	  -0.0000344314
  8.34	  -0.0000339738
  8.35	  -0.0000335223
  8.36	  -0.0000330768
  8.37	  -0.0000326372
  8.38	  -0.0000322034
  8.39	  -0.0000317754
  8.40	  -0.0000313531
  8.41	  -0.0000309364
  8.42	  -0.0000305253
  8.43	  -0.0000301196
  8.44	  -0.0000297193
  8.45	  -0.0000293243
  8.46	  -0.0000289346
  8.47	  -0.0000285500
  8.48	  -0.0000281706
  8.49	  -0.0000277962
  8.50	  -0.0000274268
  8.51	  -0.0000270623
  8.52	  -0.0000267026
  8.53	  -0.0000263477
  8.54	  -0.0000259976
  8.55	  -0.0000256521
  8.56	  -0.0000253111
  8.57	  -0.0000249747
  8.58	  -0.0000246428
  8.59	  -0.0000243153
  8.60	  -0.0000239922
  8.61	  -0.0000236733
  8.62	  -0.0000233587
  8.63	  -0.0000230482
  8.64	  -0.0000227419
  8.65	  -0.0000224397
  8.66	  -0.0000221414
  8.67	  -0.0000218472
  8.68	  -0.0000215568
  8.69	  -0.0000212703
  8.70	  -0.0000209876
  8.71	  -0.0000207087
  8.72	  -0.0000204335
  8.73	  -0.0000201619
  8.74	  -0.0000198940
  8.75	  -0.0000196296
  8.76	  -0.0000193687
  8.77	  -0.0000191113
  8.78	  -0.0000188573
  8.79	  -0.0000186067
  8.80	  -0.0000183594
  8.81	  -0.0000181154
  8.82	  -0.0000178746
  8.83	  -0.0000176370
  8.84	  -0.0000174026
  8.85	  -0.0000171714
  8.86	  -0.0000169432
  8.87	  -0.0000167180
  8.88	  -0.0000164958
  8.89	  -0.0000162766
  8.90	  -0.0000160602
  8.91	  -0.0000158468
  8.92	  -0.0000156362
  8.93	  -0.0000154284
  8.94	  -0.0000152233
  8.95	  -0.0000150210
  8.96	  -0.0000148214
  8.97	  -0.0000146244
  8.98	  -0.0000144300
  8.99	  -0.0000142383
  9.00	  -0.0000140490
  9.01	  -0.0000138623
  9.02	  -0.0000136781
  9.03	  -0.0000134963
  9.04	  -0.0000133169
  9.05	  -0.0000131399
  9.06	  -0.0000129653
  9.07	  -0.0000127930
  9.08	  -0.0000126230
  9.09	  -0.0000124552
  9.10	  -0.0000122897
  9.11	  -0.0000121263
  9.12	  -0.0000119652
  9.13	  -0.0000118062
  9.14	  -0.0000116492
  9.15	  -0.0000114944
  9.16	  -0.0000113417
  9.17	  -0.0000111909
  9.18	  -0.0000110422
  9.19	  -0.0000108954
  9.20	  -0.0000107506
  9.21	  -0.0000106078
  9.22	  -0.0000104668
  9.23	  -0.0000103277
  9.24	  -0.0000101904
  9.25	  -0.0000100550
  9.26	  -0.0000099214
  9.27	  -0.0000097895
  9.28	  -0.0000096594
  9.29	  -0.0000095310
  9.30	  -0.0000094043
  9.31	  -0.0000092794
  9.32	  -0.0000091560
  9.33	  -0.0000090344
  9.34	  -0.0000089143
  9.35	  -0.0000087958
  9.36	  -0.0000086789
  9.37	  -0.0000085636
  9.38	  -0.0000084498
  9.39	  -0.0000083375
  9.40	  -0.0000082266
  9.41	  -0.0000081173
  9.42	  -0.0000080094
  9.43	  -0.0000079030
  9.44	  -0.0000077980
  9.45	  -0.0000076943
  9.46	  -0.0000075921
  9.47	  -0.0000074912
  9.48	  -0.0000073916
  9.49	  -0.0000072934
  9.50	  -0.0000071964
  9.51	  -0.0000071008
  9.52	  -0.0000070064
  9.53	  -0.0000069133
  9.54	  -0.0000068214
  9.55	  -0.0000067308
  9.56	  -0.0000066413
  9.57	  -0.0000065530
  9.58	  -0.0000064660
  9.59	  -0.0000063800
  9.60	  -0.0000062952
  9.61	  -0.0000062116
  9.62	  -0.0000061290
  9.63	  -0.0000060475
  9.64	  -0.0000059672
  9.65	  -0.0000058879
  9.66	  -0.0000058096
  9.67	  -0.0000057324
  9.68	  -0.0000056562
  9.69	  -0.0000055811
  9.70	  -0.0000055069
  9.71	  -0.0000054337
  9.72	  -0.0000053615
  9.73	  -0.0000052902
  9.74	  -0.0000052199
  9.75	  -0.0000051505
  9.76	  -0.0000050821
  9.77	  -0.0000050145
  9.78	  -0.0000049479
  9.79	  -0.0000048821
  9.80	  -0.0000048173
  9.81	  -0.0000047532
  9.82	  -0.0000046901
  9.83	  -0.0000046277
  9.84	  -0.0000045662
  9.85	  -0.0000045055
  9.86	  -0.0000044457
  9.87	  -0.0000043866
  9.88	  -0.0000043283
  9.89	  -0.0000042708
  9.90	  -0.0000042140
  9.91	  -0.0000041580
  9.92	  -0.0000041027
  9.93	  -0.0000040482
  9.94	  -0.0000039944
  9.95	  -0.0000039413
  9.96	  -0.0000038889
  9.97	  -0.0000038372
  9.98	  -0.0000037862
  9.99	  -0.0000037359
  10.00	  -0.0000036863
