  0.01	  -0.0010000000
  0.02	  -0.0019995100
  0.03	  -0.0029980403
  0.04	  -0.0039951014
  0.05	  -0.0049902052
  0.06	  -0.0059828637
  0.07	  -0.0069725905
  0.08	  -0.0079589011
  0.09	  -0.0089413114
  0.10	  -0.0099193407
  0.11	  -0.0108925095
  0.12	  -0.0118603418
  0.13	  -0.0128223617
  0.14	  -0.0137780989
  0.15	  -0.0147270858
  0.16	  -0.0156688560
  0.17	  -0.0166029483
  0.18	  -0.0175289065
  0.19	  -0.0184462760
  0.20	  -0.0193546079
  0.21	  -0.0202534553
  0.22	  -0.0211423803
  0.23	  -0.0220209453
  0.24	  -0.0228887219
  0.25	  -0.0237452816
  0.26	  -0.0245902091
  0.27	  -0.0254230890
  0.28	  -0.0262435135
  0.29	  -0.0270510782
  0.30	  -0.0278453901
  0.31	  -0.0286260601
  0.32	  -0.0293927044
  0.33	  -0.0301449504
  0.34	  -0.0308824256
  0.35	  -0.0316047706
  0.36	  -0.0323116332
  0.37	  -0.0330026634
  0.38	  -0.0336775295
  0.39	  -0.0343358926
  0.40	  -0.0349774361
  0.41	  -0.0356018469
  0.42	  -0.0362088121
  0.43	  -0.0367980413
  0.44	  -0.0373692438
  0.45	  -0.0379221365
  0.46	  -0.0384564549
  0.47	  -0.0389719345
  0.48	  -0.0394683182
  0.49	  -0.0399453714
  0.50	  -0.0404028557
  0.51	  -0.0408405475
  0.52	  -0.0412582345
  0.53	  -0.0416557118
  0.54	  -0.0420327820
  0.55	  -0.0423892587
  0.56	  -0.0427249745
  0.57	  -0.0430397615
  0.58	  -0.0433334671
  0.59	  -0.0436059423
  0.60	  -0.0438570604
  0.61	  -0.0440866947
  0.62	  -0.0442947336
  0.63	  -0.0444810726
  0.64	  -0.0446456261
  0.65	  -0.0447883084
  0.66	  -0.0449090526
  0.67	  -0.0450077988
  0.68	  -0.0450844988
  0.69	  -0.0451391153
  0.70	  -0.0451716185
  0.71	  -0.0451819971
  0.72	  -0.0451702476
  0.73	  -0.0451363660
  0.74	  -0.0450803787
  0.75	  -0.0450023077
  0.76	  -0.0449021943
  0.77	  -0.0447800867
  0.78	  -0.0446360447
  0.79	  -0.0444701351
  0.80	  -0.0442824438
  0.81	  -0.0440730639
  0.82	  -0.0438420922
  0.83	  -0.0435896441
  0.84	  -0.0433158465
  0.85	  -0.0430208296
  0.86	  -0.0427047387
  0.87	  -0.0423677303
  0.88	  -0.0420099646
  0.89	  -0.0416316241
  0.90	  -0.0412328877
  0.91	  -0.0408139527
  0.92	  -0.0403750241
  0.93	  -0.0399163179
  0.94	  -0.0394380577
  0.95	  -0.0389404781
  0.96	  -0.0384238251
  0.97	  -0.0378883444
  0.98	  -0.0373343043
  0.99	  -0.0367619768
  1.00	  -0.0361716375
  1.01	  -0.0355635807
  1.02	  -0.0349381007
  1.03	  -0.0342955031
  1.04	  -0.0336361043
  1.05	  -0.0329602249
  1.06	  -0.0322682001
  1.07	  -0.0315603688
  1.08	  -0.0308370721
  1.09	  -0.0300986692
  1.10	  -0.0293455198
  1.11	  -0.0285779927
  1.12	  -0.0277964640
  1.13	  -0.0270013176
  1.14	  -0.0261929426
  1.15	  -0.0253717341
  1.16	  -0.0245380942
  1.17	  -0.0236924328
  1.18	  -0.0228351634
  1.19	  -0.0219667051
  1.20	  -0.0210874826
  1.21	  -0.0201979298
  1.22	  -0.0192984808
  1.23	  -0.0183895752
  1.24	  -0.0174716599
  1.25	  -0.0165451840
  1.26	  -0.0156105999
  1.27	  -0.0146683678
  1.28	  -0.0137189487
  1.29	  -0.0127628073
  1.30	  -0.0118004130
  1.31	  -0.0108322361
  1.32	  -0.0098587507
  1.33	  -0.0088804355
  1.34	  -0.0078977691
  1.35	  -0.0069112326
  1.36	  -0.0059213093
  1.37	  -0.0049284850
  1.38	  -0.0039332458
  1.39	  -0.0029360789
  1.40	  -0.0019374735
  1.41	  -0.0009379188
  1.42	  0.0000620955
  1.43	  0.0010620793
  1.44	  0.0020615428
  1.45	  0.0030599961
  1.46	  0.0040569501
  1.47	  0.0050519160
  1.48	  0.0060444069
  1.49	  0.0070339357
  1.50	  0.0080200182
  1.51	  0.0090021705
  1.52	  0.0099799121
  1.53	  0.0109527633
  1.54	  0.0119202482
  1.55	  0.0128818918
  1.56	  0.0138372239
  1.57	  0.0147857759
  1.58	  0.0157270823
  1.59	  0.0166606847
  1.60	  0.0175861213
  1.61	  0.0185029432
  1.62	  0.0194106977
  1.63	  0.0203089416
  1.64	  0.0211972371
  1.65	  0.0220751446
  1.66	  0.0229422357
  1.67	  0.0237980876
  1.68	  0.0246422794
  1.69	  0.0254743975
  1.70	  0.0262940340
  1.71	  0.0271007884
  1.72	  0.0278942641
  1.73	  0.0286740735
  1.74	  0.0294398349
  1.75	  0.0301911738
  1.76	  0.0309277195
  1.77	  0.0316491164
  1.78	  0.0323550031
  1.79	  0.0330450423
  1.80	  0.0337188914
  1.81	  0.0343762189
  1.82	  0.0350167081
  1.83	  0.0356400423
  1.84	  0.0362459160
  1.85	  0.0368340351
  1.86	  0.0374041088
  1.87	  0.0379558578
  1.88	  0.0384890102
  1.89	  0.0390033126
  1.90	  0.0394985043
  1.91	  0.0399743505
  1.92	  0.0404306129
  1.93	  0.0408670679
  1.94	  0.0412835069
  1.95	  0.0416797176
  1.96	  0.0420555174
  1.97	  0.0424107127
  1.98	  0.0427451320
  1.99	  0.0430586152
  2.00	  0.0433510058
  2.01	  0.0436221585
  2.02	  0.0438719429
  2.03	  0.0441002399
  2.04	  0.0443069339
  2.05	  0.0444919243
  2.06	  0.0446551219
  2.07	  0.0447964445
  2.08	  0.0449158251
  2.09	  0.0450132042
  2.10	  0.0450885333
  2.11	  0.0451417789
  2.12	  0.0451729074
  2.13	  0.0451819152
  2.14	  0.0451687872
  2.15	  0.0451335348
  2.16	  0.0450761728
  2.17	  0.0449967347
  2.18	  0.0448952541
  2.19	  0.0447717831
  2.20	  0.0446263775
  2.21	  0.0444591157
  2.22	  0.0442700759
  2.23	  0.0440593511
  2.24	  0.0438270420
  2.25	  0.0435732640
  2.26	  0.0432981439
  2.27	  0.0430018157
  2.28	  0.0426844209
  2.29	  0.0423461199
  2.30	  0.0419870727
  2.31	  0.0416074581
  2.32	  0.0412074625
  2.33	  0.0407872796
  2.34	  0.0403471179
  2.35	  0.0398871899
  2.36	  0.0394077227
  2.37	  0.0389089547
  2.38	  0.0383911207
  2.39	  0.0378544815
  2.40	  0.0372993015
  2.41	  0.0367258452
  2.42	  0.0361343957
  2.43	  0.0355252475
  2.44	  0.0348986946
  2.45	  0.0342550464
  2.46	  0.0335946158
  2.47	  0.0329177231
  2.48	  0.0322247073
  2.49	  0.0315159038
  2.50	  0.0307916608
  2.51	  0.0300523303
  2.52	  0.0292982776
  2.53	  0.0285298713
  2.54	  0.0277474858
  2.55	  0.0269515067
  2.56	  0.0261423234
  2.57	  0.0253203306
  2.58	  0.0244859327
  2.59	  0.0236395374
  2.60	  0.0227815602
  2.61	  0.0219124220
  2.62	  0.0210325476
  2.63	  0.0201423671
  2.64	  0.0192423165
  2.65	  0.0183328390
  2.66	  0.0174143780
  2.67	  0.0164873861
  2.68	  0.0155523140
  2.69	  0.0146096228
  2.70	  0.0136597725
  2.71	  0.0127032297
  2.72	  0.0117404619
  2.73	  0.0107719414
  2.74	  0.0097981431
  2.75	  0.0088195438
  2.76	  0.0078366222
  2.77	  0.0068498612
  2.78	  0.0058597443
  2.79	  0.0048667556
  2.80	  0.0038713822
  2.81	  0.0028741120
  2.82	  0.0018754334
  2.83	  0.0008758359
  2.84	  -0.0001241908
  2.85	  -0.0011241566
  2.86	  -0.0021235717
  2.87	  -0.0031219462
  2.88	  -0.0041187909
  2.89	  -0.0051136175
  2.90	  -0.0061059380
  2.91	  -0.0070952671
  2.92	  -0.0080811195
  2.93	  -0.0090630120
  2.94	  -0.0100404639
  2.95	  -0.0110129956
  2.96	  -0.0119801313
  2.97	  -0.0129413977
  2.98	  -0.0138963219
  2.99	  -0.0148444371
  3.00	  -0.0157852788
  3.01	  -0.0167183876
  3.02	  -0.0176433027
  3.03	  -0.0185595751
  3.04	  -0.0194667522
  3.05	  -0.0203643907
  3.06	  -0.0212520529
  3.07	  -0.0221293010
  3.08	  -0.0229957085
  3.09	  -0.0238508470
  3.10	  -0.0246943012
  3.11	  -0.0255256556
  3.12	  -0.0263445042
  3.13	  -0.0271504447
  3.14	  -0.0279430840
  3.15	  -0.0287220329
  3.16	  -0.0294869095
  3.17	  -0.0302373413
  3.18	  -0.0309729576
  3.19	  -0.0316933990
  3.20	  -0.0323983133
  3.21	  -0.0330873579
  3.22	  -0.0337601900
  3.23	  -0.0344164819
  3.24	  -0.0350559130
  3.25	  -0.0356781743
  3.26	  -0.0362829529
  3.27	  -0.0368699580
  3.28	  -0.0374389030
  3.29	  -0.0379895046
  3.30	  -0.0385214947
  3.31	  -0.0390346162
  3.32	  -0.0395286158
  3.33	  -0.0400032513
  3.34	  -0.0404582918
  3.35	  -0.0408935100
  3.36	  -0.0413086973
  3.37	  -0.0417036489
  3.38	  -0.0420781709
  3.39	  -0.0424320810
  3.40	  -0.0427652076
  3.41	  -0.0430773832
  3.42	  -0.0433684587
  3.43	  -0.0436382927
  3.44	  -0.0438867472
  3.45	  -0.0441137031
  3.46	  -0.0443190522
  3.47	  -0.0445026942
  3.48	  -0.0446645357
  3.49	  -0.0448044986
  3.50	  -0.0449225120
  3.51	  -0.0450185239
  3.52	  -0.0450924821
  3.53	  -0.0451443531
  3.54	  -0.0451741107
  3.55	  -0.0451817438
  3.56	  -0.0451672412
  3.57	  -0.0451306179
  3.58	  -0.0450718850
  3.59	  -0.0449910760
  3.60	  -0.0448882282
  3.61	  -0.0447633900
  3.62	  -0.0446166284
  3.63	  -0.0444480106
  3.64	  -0.0442576222
  3.65	  -0.0440455526
  3.66	  -0.0438119099
  3.67	  -0.0435568020
  3.68	  -0.0432803631
  3.69	  -0.0429827198
  3.70	  -0.0426640250
  3.71	  -0.0423244275
  3.72	  -0.0419640988
  3.73	  -0.0415832140
  3.74	  -0.0411819592
  3.75	  -0.0407605283
  3.76	  -0.0403191335
  3.77	  -0.0398579873
  3.78	  -0.0393773168
  3.79	  -0.0388773531
  3.80	  -0.0383583456
  3.81	  -0.0378205478
  3.82	  -0.0372642241
  3.83	  -0.0366896428
  3.84	  -0.0360970870
  3.85	  -0.0354868472
  3.86	  -0.0348592252
  3.87	  -0.0342145264
  3.88	  -0.0335530601
  3.89	  -0.0328751616
  3.90	  -0.0321811549
  3.91	  -0.0314713828
  3.92	  -0.0307461917
  3.93	  -0.0300059374
  3.94	  -0.0292509813
  3.95	  -0.0284816958
  3.96	  -0.0276984554
  3.97	  -0.0269016456
  3.98	  -0.0260916539
  3.99	  -0.0252688807
  4.00	  -0.0244337246
  4.01	  -0.0235865992
  4.02	  -0.0227279160
  4.03	  -0.0218580980
  4.04	  -0.0209775716
  4.05	  -0.0200867653
  4.06	  -0.0191861168
  4.07	  -0.0182760693
  4.08	  -0.0173570644
  4.09	  -0.0164295565
  4.10	  -0.0154939992
  4.11	  -0.0145508498
  4.12	  -0.0136005701
  4.13	  -0.0126436269
  4.14	  -0.0116804885
  4.15	  -0.0107116271
  4.16	  -0.0097375158
  4.17	  -0.0087586343
  4.18	  -0.0077754608
  4.19	  -0.0067884773
  4.20	  -0.0057981675
  4.21	  -0.0048050168
  4.22	  -0.0038095114
  4.23	  -0.0028121397
  4.24	  -0.0018133897
  4.25	  -0.0008137512
  4.26	  0.0001862859
  4.27	  0.0011862318
  4.28	  0.0021855964
  4.29	  0.0031838901
  4.30	  0.0041806237
  4.31	  0.0051753088
  4.32	  0.0061674584
  4.33	  0.0071565853
  4.34	  0.0081422059
  4.35	  0.0091238366
  4.36	  0.0101009971
  4.37	  0.0110732075
  4.38	  0.0120399930
  4.39	  0.0130008785
  4.40	  0.0139553938
  4.41	  0.0149030713
  4.42	  0.0158434473
  4.43	  0.0167760588
  4.44	  0.0177004505
  4.45	  0.0186161716
  4.46	  0.0195227694
  4.47	  0.0204198007
  4.48	  0.0213068295
  4.49	  0.0221834164
  4.50	  0.0230491366
  4.51	  0.0239035618
  4.52	  0.0247462764
  4.53	  0.0255768672
  4.54	  0.0263949260
  4.55	  0.0272000525
  4.56	  0.0279918518
  4.57	  0.0287699383
  4.58	  0.0295339301
  4.59	  0.0302834511
  4.60	  0.0310181342
  4.61	  0.0317376219
  4.62	  0.0324415639
  4.63	  0.0331296101
  4.64	  0.0338014252
  4.65	  0.0344566777
  4.66	  0.0350950547
  4.67	  0.0357162356
  4.68	  0.0363199227
  4.69	  0.0369058140
  4.70	  0.0374736264
  4.71	  0.0380230807
  4.72	  0.0385539085
  4.73	  0.0390658490
  4.74	  0.0395586528
  4.75	  0.0400320776
  4.76	  0.0404858924
  4.77	  0.0409198739
  4.78	  0.0413338095
  4.79	  0.0417275019
  4.80	  0.0421007499
  4.81	  0.0424533747
  4.82	  0.0427852012
  4.83	  0.0430960730
  4.84	  0.0433858335
  4.85	  0.0436543413
  4.86	  0.0439014658
  4.87	  0.0441270843
  4.88	  0.0443310887
  4.89	  0.0445133783
  4.90	  0.0446738638
  4.91	  0.0448124632
  4.92	  0.0449291132
  4.93	  0.0450237580
  4.94	  0.0450963452
  4.95	  0.0451468453
  4.96	  0.0451752320
  4.97	  0.0451814868
  4.98	  0.0451656133
  4.99	  0.0451276116
  5.00	  0.0450675078
  5.01	  0.0449853316
  5.02	  0.0448811166
  5.03	  0.0447549149
  5.04	  0.0446067937
  5.05	  0.0444368236
  5.06	  0.0442450829
  5.07	  0.0440316722
  5.08	  0.0437966920
  5.09	  0.0435402580
  5.10	  0.0432624966
  5.11	  0.0429635420
  5.12	  0.0426435433
  5.13	  0.0423026569
  5.14	  0.0419410467
  5.15	  0.0415588915
  5.16	  0.0411563776
  5.17	  0.0407337025
  5.18	  0.0402910747
  5.19	  0.0398287065
  5.20	  0.0393468328
  5.21	  0.0388456807
  5.22	  0.0383254997
  5.23	  0.0377865434
  5.24	  0.0372290760
  5.25	  0.0366533697
  5.26	  0.0360597074
  5.27	  0.0354483835
  5.28	  0.0348196886
  5.29	  0.0341739394
  5.30	  0.0335114449
  5.31	  0.0328325368
  5.32	  0.0321375392
  5.33	  0.0314267986
  5.34	  0.0307006631
  5.35	  0.0299594849
  5.36	  0.0292036291
  5.37	  0.0284334663
  5.38	  0.0276493728
  5.39	  0.0268517323
  5.40	  0.0260409359
  5.41	  0.0252173804
  5.42	  0.0243814718
  5.43	  0.0235336144
  5.44	  0.0226742290
  5.45	  0.0218037330
  5.46	  0.0209225547
  5.47	  0.0200311244
  5.48	  0.0191298816
  5.49	  0.0182192624
  5.50	  0.0172997192
  5.51	  0.0163716972
  5.52	  0.0154356556
  5.53	  0.0144920498
  5.54	  0.0135413427
  5.55	  0.0125840008
  5.56	  0.0116204936
  5.57	  0.0106512913
  5.58	  0.0096768709
  5.59	  0.0086977091
  5.60	  0.0077142846
  5.61	  0.0067270803
  5.62	  0.0057365801
  5.63	  0.0047432692
  5.64	  0.0037476337
  5.65	  0.0027501618
  5.66	  0.0017513426
  5.67	  0.0007516651
  5.68	  -0.0002483807
  5.69	  -0.0012483047
  5.70	  -0.0022476171
  5.71	  -0.0032458282
  5.72	  -0.0042424491
  5.73	  -0.0052369907
  5.74	  -0.0062289666
  5.75	  -0.0072178901
  5.76	  -0.0082032764
  5.77	  -0.0091846436
  5.78	  -0.0101615107
  5.79	  -0.0111333989
  5.80	  -0.0120998314
  5.81	  -0.0130603351
  5.82	  -0.0140144397
  5.83	  -0.0149616767
  5.84	  -0.0159015842
  5.85	  -0.0168336984
  5.86	  -0.0177575648
  5.87	  -0.0186727326
  5.88	  -0.0195787493
  5.89	  -0.0204751734
  5.90	  -0.0213615652
  5.91	  -0.0222374909
  5.92	  -0.0231025219
  5.93	  -0.0239562318
  5.94	  -0.0247982051
  5.95	  -0.0256280303
  5.96	  -0.0264452975
  5.97	  -0.0272496082
  5.98	  -0.0280405674
  5.99	  -0.0288177896
  6.00	  -0.0295808930
  6.01	  -0.0303295031
  6.02	  -0.0310632549
  6.03	  -0.0317817889
  6.04	  -0.0324847512
  6.05	  -0.0331717990
  6.06	  -0.0338425934
  6.07	  -0.0344968103
  6.08	  -0.0351341292
  6.09	  -0.0357542336
  6.10	  -0.0363568217
  6.11	  -0.0369415991
  6.12	  -0.0375082791
  6.13	  -0.0380565859
  6.14	  -0.0385862477
  6.15	  -0.0390970074
  6.16	  -0.0395886153
  6.17	  -0.0400608294
  6.18	  -0.0405134186
  6.19	  -0.0409461632
  6.20	  -0.0413588472
  6.21	  -0.0417512730
  6.22	  -0.0421232469
  6.23	  -0.0424745828
  6.24	  -0.0428051166
  6.25	  -0.0431146808
  6.26	  -0.0434031263
  6.27	  -0.0436703078
  6.28	  -0.0439161025
  6.29	  -0.0441403836
  6.30	  -0.0443430394
  6.31	  -0.0445239767
  6.32	  -0.0446831062
  6.33	  -0.0448203459
  6.34	  -0.0449356325
  6.35	  -0.0450289063
  6.36	  -0.0451001264
  6.37	  -0.0451492518
  6.38	  -0.0451762639
  6.39	  -0.0451811440
  6.40	  -0.0451638959
  6.41	  -0.0451245233
  6.42	  -0.0450630486
  6.43	  -0.0449795015
  6.44	  -0.0448739193
  6.45	  -0.0447463579
  6.46	  -0.0445968769
  6.47	  -0.0444255508
  6.48	  -0.0442324653
  6.49	  -0.0440177098
  6.50	  -0.0437813923
  6.51	  -0.0435236320
  6.52	  -0.0432445519
  6.53	  -0.0429442860
  6.54	  -0.0426229835
  6.55	  -0.0422808044
  6.56	  -0.0419179127
  6.57	  -0.0415344872
  6.58	  -0.0411307178
  6.59	  -0.0407067984
  6.60	  -0.0402629375
  6.61	  -0.0397993550
  6.62	  -0.0393162742
  6.63	  -0.0388139337
  6.64	  -0.0382925794
  6.65	  -0.0377524644
  6.66	  -0.0371938571
  6.67	  -0.0366170295
  6.68	  -0.0360222645
  6.69	  -0.0354098491
  6.70	  -0.0347800888
  6.71	  -0.0341332890
  6.72	  -0.0334697664
  6.73	  -0.0327898487
  6.74	  -0.0320938639
  6.75	  -0.0313821584
  6.76	  -0.0306550767
  6.77	  -0.0299129784
  6.78	  -0.0291562229
  6.79	  -0.0283851828
  6.80	  -0.0276002362
  6.81	  -0.0268017687
  6.82	  -0.0259901676
  6.83	  -0.0251658354
  6.84	  -0.0243291706
  6.85	  -0.0234805867
  6.86	  -0.0226204991
  6.87	  -0.0217493270
  6.88	  -0.0208675005
  6.89	  -0.0199754480
  6.90	  -0.0190736093
  6.91	  -0.0181624237
  6.92	  -0.0172423404
  6.93	  -0.0163138080
  6.94	  -0.0153772822
  6.95	  -0.0144332219
  6.96	  -0.0134820892
  6.97	  -0.0125243515
  6.98	  -0.0115604764
  6.99	  -0.0105909361
  7.00	  -0.0096162073
  7.01	  -0.0086367670
  7.02	  -0.0076530939
  7.03	  -0.0066656708
  7.04	  -0.0056749820
  7.05	  -0.0046815122
  7.06	  -0.0036857487
  7.07	  -0.0026881790
  7.08	  -0.0016892921
  7.09	  -0.0006895775
  7.10	  0.0003104750
  7.11	  0.0013103754
  7.12	  0.0023096337
  7.13	  0.0033077602
  7.14	  0.0043042661
  7.15	  0.0052986625
  7.16	  0.0062904628
  7.17	  0.0072791809
  7.18	  0.0082643321
  7.19	  0.0092454338
  7.20	  0.0102220057
  7.21	  0.0111935688
  7.22	  0.0121596465
  7.23	  0.0131197665
  7.24	  0.0140734585
  7.25	  0.0150202541
  7.26	  0.0159596913
  7.27	  0.0168913063
  7.28	  0.0178146474
  7.29	  0.0187292583
  7.30	  0.0196346920
  7.31	  0.0205305070
  7.32	  0.0214162618
  7.33	  0.0222915225
  7.34	  0.0231558625
  7.35	  0.0240088571
  7.36	  0.0248500872
  7.37	  0.0256791431
  7.38	  0.0264956187
  7.39	  0.0272991117
  7.40	  0.0280892290
  7.41	  0.0288655851
  7.42	  0.0296278000
  7.43	  0.0303754993
  7.44	  0.0311083160
  7.45	  0.0318258926
  7.46	  0.0325278752
  7.47	  0.0332139246
  7.48	  0.0338837020
  7.49	  0.0345368758
  7.50	  0.0351731330
  7.51	  0.0357921608
  7.52	  0.0363936499
  7.53	  0.0369773135
  7.54	  0.0375428610
  7.55	  0.0380900167
  7.56	  0.0386185125
  7.57	  0.0391280912
  7.58	  0.0396185033
  7.59	  0.0400895029
  7.60	  0.0405408666
  7.61	  0.0409723707
  7.62	  0.0413838066
  7.63	  0.0417749658
  7.64	  0.0421456620
  7.65	  0.0424957164
  7.66	  0.0428249501
  7.67	  0.0431332067
  7.68	  0.0434203371
  7.69	  0.0436861962
  7.70	  0.0439306535
  7.71	  0.0441535972
  7.72	  0.0443549082
  7.73	  0.0445344932
  7.74	  0.0446922667
  7.75	  0.0448281430
  7.76	  0.0449420661
  7.77	  0.0450339727
  7.78	  0.0451038182
  7.79	  0.0451515727
  7.80	  0.0451772101
  7.81	  0.0451807193
  7.82	  0.0451620966
  7.83	  0.0451213494
  7.84	  0.0450585037
  7.85	  0.0449735858
  7.86	  0.0448666401
  7.87	  0.0447377115
  7.88	  0.0445868745
  7.89	  0.0444141962
  7.90	  0.0442197584
  7.91	  0.0440036617
  7.92	  0.0437660143
  7.93	  0.0435069241
  7.94	  0.0432265215
  7.95	  0.0429249480
  7.96	  0.0426023453
  7.97	  0.0422588736
  7.98	  0.0418947041
  7.99	  0.0415100083
  8.00	  0.0411049798
  8.01	  0.0406798162
  8.02	  0.0402347259
  8.03	  0.0397699252
  8.04	  0.0392856412
  8.05	  0.0387821123
  8.06	  0.0382595882
  8.07	  0.0377183184
  8.08	  0.0371585712
  8.09	  0.0365806185
  8.10	  0.0359847471
  8.11	  0.0353712477
  8.12	  0.0347404219
  8.13	  0.0340925753
  8.14	  0.0334280245
  8.15	  0.0327470973
  8.16	  0.0320501290
  8.17	  0.0313374586
  8.18	  0.0306094345
  8.19	  0.0298664141
  8.20	  0.0291087609
  8.21	  0.0283368472
  8.22	  0.0275510494
  8.23	  0.0267517548
  8.24	  0.0259393509
  8.25	  0.0251142401
  8.26	  0.0242768247
  8.27	  0.0234275144
  8.28	  0.0225667264
  8.29	  0.0216948800
  8.30	  0.0208124053
  8.31	  0.0199197326
  8.32	  0.0190172996
  8.33	  0.0181055497
  8.34	  0.0171849281
  8.35	  0.0162558854
  8.36	  0.0153188789
  8.37	  0.0143743670
  8.38	  0.0134228105
  8.39	  0.0124646779
  8.40	  0.0115004368
  8.41	  0.0105305612
  8.42	  0.0095555261
  8.43	  0.0085758083
  8.44	  0.0075918883
  8.45	  0.0066042487
  8.46	  0.0056133731
  8.47	  0.0046197465
  8.48	  0.0036238567
  8.49	  0.0026261909
  8.50	  0.0016272385
  8.51	  0.0006274886
  8.52	  -0.0003725687
  8.53	  -0.0013724435
  8.54	  -0.0023716458
  8.55	  -0.0033696860
  8.56	  -0.0043660752
  8.57	  -0.0053603244
  8.58	  -0.0063519478
  8.59	  -0.0073404582
  8.60	  -0.0083253719
  8.61	  -0.0093062064
  8.62	  -0.0102824811
  8.63	  -0.0112537174
  8.64	  -0.0122194393
  8.65	  -0.0131791737
  8.66	  -0.0141324513
  8.67	  -0.0150788035
  8.68	  -0.0160177667
  8.69	  -0.0169488825
  8.70	  -0.0178716946
  8.71	  -0.0187857486
  8.72	  -0.0196905993
  8.73	  -0.0205858015
  8.74	  -0.0214709155
  8.75	  -0.0223455131
  8.76	  -0.0232091602
  8.77	  -0.0240614358
  8.78	  -0.0249019228
  8.79	  -0.0257302094
  8.80	  -0.0265458897
  8.81	  -0.0273485631
  8.82	  -0.0281378385
  8.83	  -0.0289133284
  8.84	  -0.0296746511
  8.85	  -0.0304214358
  8.86	  -0.0311533175
  8.87	  -0.0318699367
  8.88	  -0.0325709395
  8.89	  -0.0332559869
  8.90	  -0.0339247435
  8.91	  -0.0345768780
  8.92	  -0.0352120735
  8.93	  -0.0358300209
  8.94	  -0.0364304148
  8.95	  -0.0370129608
  8.96	  -0.0375773720
  8.97	  -0.0381233767
  8.98	  -0.0386507064
  8.99	  -0.0391591042
  9.00	  -0.0396483131
  9.01	  -0.0401181020
  9.02	  -0.0405682400
  9.03	  -0.0409985036
  9.04	  -0.0414086841
  9.05	  -0.0417985804
  9.06	  -0.0421679989
  9.07	  -0.0425167643
  9.08	  -0.0428447016
  9.09	  -0.0431516506
  9.10	  -0.0434374623
  9.11	  -0.0437019989
  9.12	  -0.0439451262
  9.13	  -0.0441667251
  9.14	  -0.0443666913
  9.15	  -0.0445449278
  9.16	  -0.0447013415
  9.17	  -0.0448358580
  9.18	  -0.0449484140
  9.19	  -0.0450389534
  9.20	  -0.0451074280
  9.21	  -0.0451538078
  9.22	  -0.0451780744
  9.23	  -0.0451802053
  9.24	  -0.0451602116
  9.25	  -0.0451180935
  9.26	  -0.0450538732
  9.27	  -0.0449675880
  9.28	  -0.0448592715
  9.29	  -0.0447289869
  9.30	  -0.0445767865
  9.31	  -0.0444027558
  9.32	  -0.0442069732
  9.33	  -0.0439895354
  9.34	  -0.0437505506
  9.35	  -0.0434901342
  9.36	  -0.0432084128
  9.37	  -0.0429055281
  9.38	  -0.0425816253
  9.39	  -0.0422368646
  9.40	  -0.0418714136
  9.41	  -0.0414854512
  9.42	  -0.0410791673
  9.43	  -0.0406527594
  9.44	  -0.0402064361
  9.45	  -0.0397404209
  9.46	  -0.0392549336
  9.47	  -0.0387502201
  9.48	  -0.0382265225
  9.49	  -0.0376840979
  9.50	  -0.0371232107
  9.51	  -0.0365441404
  9.52	  -0.0359471664
  9.53	  -0.0353325829
  9.54	  -0.0347006880
  9.55	  -0.0340517946
  9.56	  -0.0333862193
  9.57	  -0.0327042863
  9.58	  -0.0320063308
  9.59	  -0.0312926993
  9.60	  -0.0305637326
  9.61	  -0.0298197921
  9.62	  -0.0290612429
  9.63	  -0.0282884557
  9.64	  -0.0275018103
  9.65	  -0.0267016888
  9.66	  -0.0258884858
  9.67	  -0.0250625983
  9.68	  -0.0242244322
  9.69	  -0.0233743973
  9.70	  -0.0225129109
  9.71	  -0.0216403920
  9.72	  -0.0207572710
  9.73	  -0.0198639799
  9.74	  -0.0189609565
  9.75	  -0.0180486422
  9.76	  -0.0171274841
  9.77	  -0.0161979347
  9.78	  -0.0152604477
  9.79	  -0.0143154841
  9.80	  -0.0133635066
  9.81	  -0.0124049801
  9.82	  -0.0114403758
  9.83	  -0.0104701659
  9.84	  -0.0094948262
  9.85	  -0.0085148336
  9.86	  -0.0075306688
  9.87	  -0.0065428140
  9.88	  -0.0055517536
  9.89	  -0.0045579723
  9.90	  -0.0035619577
  9.91	  -0.0025641981
  9.92	  -0.0015651818
  9.93	  -0.0005653985
  9.94	  0.0004346617
  9.95	  0.0014345089
  9.96	  0.0024336535
  9.97	  0.0034316052
  9.98	  0.0044278754
  9.99	  0.0054219766
  10.00	  0.0064134202
  10.01	  0.0074017216
  10.02	  0.0083863968
  10.03	  0.0093669621
  10.04	  0.0103429370
  10.05	  0.0113138454
  10.06	  0.0122792087
  10.07	  0.0132385567
  10.08	  0.0141914170
  10.09	  0.0151373241
  10.10	  0.0160758141
  10.11	  0.0170064270
  10.12	  0.0179287083
  10.13	  0.0188422035
  10.14	  0.0197464675
  10.15	  0.0206410568
  10.16	  0.0215255320
  10.17	  0.0223994590
  10.18	  0.0232624132
  10.19	  0.0241139699
  10.20	  0.0249537118
  10.21	  0.0257812273
  10.22	  0.0265961103
  10.23	  0.0273979641
  10.24	  0.0281863939
  10.25	  0.0289610140
  10.26	  0.0297214463
  10.27	  0.0304673165
  10.28	  0.0311982613
  10.29	  0.0319139212
  10.30	  0.0326139443
  10.31	  0.0332979895
  10.32	  0.0339657217
  10.33	  0.0346168168
  10.34	  0.0352509506
  10.35	  0.0358678140
  10.36	  0.0364671052
  10.37	  0.0370485336
  10.38	  0.0376118124
  10.39	  0.0381566659
  10.40	  0.0386828296
  10.41	  0.0391900390
  10.42	  0.0396780521
  10.43	  0.0401466265
  10.44	  0.0405955352
  10.45	  0.0410245582
  10.46	  0.0414334871
  10.47	  0.0418221168
  10.48	  0.0421902575
  10.49	  0.0425377339
  10.50	  0.0428643748
  10.51	  0.0431700163
  10.52	  0.0434545092
  10.53	  0.0437177196
  10.54	  0.0439595133
  10.55	  0.0441797748
  10.56	  0.0443783924
  10.57	  0.0445552729
  10.58	  0.0447103307
  10.59	  0.0448434874
  10.60	  0.0449546762
  10.61	  0.0450438447
  10.62	  0.0451109521
  10.63	  0.0451559611
  10.64	  0.0451788493
  10.65	  0.0451796092
  10.66	  0.0451582372
  10.67	  0.0451147482
  10.68	  0.0450491570
  10.69	  0.0449615009
  10.70	  0.0448518209
  10.71	  0.0447201729
  10.72	  0.0445666164
  10.73	  0.0443912297
  10.74	  0.0441940986
  10.75	  0.0439753234
  10.76	  0.0437350012
  10.77	  0.0434732586
  10.78	  0.0431902222
  10.79	  0.0428860262
  10.80	  0.0425608233
  10.81	  0.0422147736
  10.82	  0.0418480448
  10.83	  0.0414608158
  10.84	  0.0410532728
  10.85	  0.0406256244
  10.86	  0.0401780717
  10.87	  0.0397108421
  10.88	  0.0392241552
  10.89	  0.0387182534
  10.90	  0.0381933860
  10.91	  0.0376498066
  10.92	  0.0370877832
  10.93	  0.0365075916
  10.94	  0.0359095149
  10.95	  0.0352938473
  10.96	  0.0346608907
  10.97	  0.0340109505
  10.98	  0.0333443508
  10.99	  0.0326614119
  11.00	  0.0319624767
  11.01	  0.0312478784
  11.02	  0.0305179730
  11.03	  0.0297731161
  11.04	  0.0290136710
  11.05	  0.0282400120
  11.06	  0.0274525192
  11.07	  0.0266515743
  11.08	  0.0258375723
  11.09	  0.0250109099
  11.10	  0.0241719950
  11.11	  0.0233212374
  11.12	  0.0224590525
  11.13	  0.0215858631
  11.14	  0.0207020976
  11.15	  0.0198081899
  11.16	  0.0189045761
  11.17	  0.0179916993
  11.18	  0.0170700084
  11.19	  0.0161399525
  11.20	  0.0152019877
  11.21	  0.0142565751
  11.22	  0.0133041767
  11.23	  0.0123452600
  11.24	  0.0113802934
  11.25	  0.0104097519
  11.26	  0.0094341086
  11.27	  0.0084538432
  11.28	  0.0074694352
  11.29	  0.0064813672
  11.30	  0.0054901233
  11.31	  0.0044961893
  11.32	  0.0035000523
  11.33	  0.0025022002
  11.34	  0.0015031220
  11.35	  0.0005033074
  11.36	  -0.0004967539
  11.37	  -0.0014965718
  11.38	  -0.0024956563
  11.39	  -0.0034935181
  11.40	  -0.0044896682
  11.41	  -0.0054836180
  11.42	  -0.0064748810
  11.43	  -0.0074629714
  11.44	  -0.0084474050
  11.45	  -0.0094276993
  11.46	  -0.0104033742
  11.47	  -0.0113739511
  11.48	  -0.0123389550
  11.49	  -0.0132979136
  11.50	  -0.0142503558
  11.51	  -0.0151958158
  11.52	  -0.0161338300
  11.53	  -0.0170639399
  11.54	  -0.0179856867
  11.55	  -0.0188986231
  11.56	  -0.0198022984
  11.57	  -0.0206962731
  11.58	  -0.0215801056
  11.59	  -0.0224533640
  11.60	  -0.0233156234
  11.61	  -0.0241664574
  11.62	  -0.0250054523
  11.63	  -0.0258321948
  11.64	  -0.0266462807
  11.65	  -0.0274473131
  11.66	  -0.0282348972
  11.67	  -0.0290086474
  11.68	  -0.0297681857
  11.69	  -0.0305131394
  11.70	  -0.0312431455
  11.71	  -0.0319578424
  11.72	  -0.0326568857
  11.73	  -0.0333399288
  11.74	  -0.0340066366
  11.75	  -0.0346566848
  11.76	  -0.0352897570
  11.77	  -0.0359055400
  11.78	  -0.0365037322
  11.79	  -0.0370840393
  11.80	  -0.0376461819
  11.81	  -0.0381898843
  11.82	  -0.0387148745
  11.83	  -0.0392209031
  11.84	  -0.0397077128
  11.85	  -0.0401750766
  11.86	  -0.0406227559
  11.87	  -0.0410505384
  11.88	  -0.0414582081
  11.89	  -0.0418455712
  11.90	  -0.0422124378
  11.91	  -0.0425586253
  11.92	  -0.0428839624
  11.93	  -0.0431882963
  11.94	  -0.0434714742
  11.95	  -0.0437333584
  11.96	  -0.0439738184
  11.97	  -0.0441927351
  11.98	  -0.0443900079
  11.99	  -0.0445655398
  12.00	  -0.0447192378
  12.01	  -0.0448510312
  12.02	  -0.0449608564
  12.03	  -0.0450486541
  12.04	  -0.0451143906
  12.05	  -0.0451580249
  12.06	  -0.0451795422
  12.07	  -0.0451789275
  12.08	  -0.0451561809
  12.09	  -0.0451113172
  12.10	  -0.0450443588
  12.11	  -0.0449553318
  12.12	  -0.0448442884
  12.13	  -0.0447112769
  12.14	  -0.0445563607
  12.15	  -0.0443796217
  12.16	  -0.0441811457
  12.17	  -0.0439610258
  12.18	  -0.0437193736
  12.19	  -0.0434563048
  12.20	  -0.0431719497
  12.21	  -0.0428664461
  12.22	  -0.0425399430
  12.23	  -0.0421926044
  12.24	  -0.0418245941
  12.25	  -0.0414360985
  12.26	  -0.0410273038
  12.27	  -0.0405984148
  12.28	  -0.0401496328
  12.29	  -0.0396811850
  12.30	  -0.0391932987
  12.31	  -0.0386862122
  12.32	  -0.0381601751
  12.33	  -0.0376154445
  12.34	  -0.0370522849
  12.35	  -0.0364709757
  12.36	  -0.0358718000
  12.37	  -0.0352550484
  12.38	  -0.0346210264
  12.39	  -0.0339700431
  12.40	  -0.0333024189
  12.41	  -0.0326184779
  12.42	  -0.0319185592
  12.43	  -0.0312029999
  12.44	  -0.0304721557
  12.45	  -0.0297263823
  12.46	  -0.0289660450
  12.47	  -0.0281915162
  12.48	  -0.0274031758
  12.49	  -0.0266014077
  12.50	  -0.0257866085
  12.51	  -0.0249591749
  12.52	  -0.0241195112
  12.53	  -0.0232680310
  12.54	  -0.0224051513
  12.55	  -0.0215312932
  12.56	  -0.0206468850
  12.57	  -0.0197523627
  12.58	  -0.0188481603
  12.59	  -0.0179347228
  12.60	  -0.0170124993
  12.61	  -0.0160819385
  12.62	  -0.0151434988
  12.63	  -0.0141976392
  12.64	  -0.0132448226
  12.65	  -0.0122855157
  12.66	  -0.0113201896
  12.67	  -0.0103493175
  12.68	  -0.0093733734
  12.69	  -0.0083928360
  12.70	  -0.0074081873
  12.71	  -0.0064199078
  12.72	  -0.0054284828
  12.73	  -0.0044343979
  12.74	  -0.0034381403
  12.75	  -0.0024401976
  12.76	  -0.0014410595
  12.77	  -0.0004412153
  12.78	  0.0005588452
  12.79	  0.0015586318
  12.80	  0.0025576546
  12.81	  0.0035554243
  12.82	  0.0045514517
  12.83	  0.0055452492
  12.84	  0.0065363292
  12.85	  0.0075242068
  12.86	  0.0085083973
  12.87	  0.0094884187
  12.88	  0.0104637910
  12.89	  0.0114340354
  12.90	  0.0123986779
  12.91	  0.0133572454
  12.92	  0.0143092684
  12.93	  0.0152542796
  12.94	  0.0161918160
  12.95	  0.0171214193
  12.96	  0.0180426333
  12.97	  0.0189550072
  12.98	  0.0198580939
  12.99	  0.0207514502
  13.00	  0.0216346383
  13.01	  0.0225072280
  13.02	  0.0233687889
  13.03	  0.0242189001
  13.04	  0.0250571463
  13.05	  0.0258831140
  13.06	  0.0266964026
  13.07	  0.0274966098
  13.08	  0.0282833464
  13.09	  0.0290562250
  13.10	  0.0298148692
  13.11	  0.0305589046
  13.12	  0.0312879719
  13.13	  0.0320017077
  13.14	  0.0326997638
  13.15	  0.0333818011
  13.16	  0.0340474881
  13.17	  0.0346964896
  13.18	  0.0353284962
  13.19	  0.0359431952
  13.20	  0.0365402848
  13.21	  0.0371194780
  13.22	  0.0376804806
  13.23	  0.0382230282
  13.24	  0.0387468487
  13.25	  0.0392516889
  13.26	  0.0397373028
  13.27	  0.0402034484
  13.28	  0.0406498984
  13.29	  0.0410764366
  13.30	  0.0414828546
  13.31	  0.0418689512
  13.32	  0.0422345363
  13.33	  0.0425794348
  13.34	  0.0429034717
  13.35	  0.0432064980
  13.36	  0.0434883572
  13.37	  0.0437489115
  13.38	  0.0439880379
  13.39	  0.0442056172
  13.40	  0.0444015414
  13.41	  0.0445757173
  13.42	  0.0447280593
  13.43	  0.0448584892
  13.44	  0.0449669473
  13.45	  0.0450533815
  13.46	  0.0451177433
  13.47	  0.0451600067
  13.48	  0.0451801494
  13.49	  0.0451781601
  13.50	  0.0451540425
  13.51	  0.0451078042
  13.52	  0.0450394712
  13.53	  0.0449490771
  13.54	  0.0448366664
  13.55	  0.0447022952
  13.56	  0.0445460230
  13.57	  0.0443679318
  13.58	  0.0441681072
  13.59	  0.0439466462
  13.60	  0.0437036604
  13.61	  0.0434392653
  13.62	  0.0431535952
  13.63	  0.0428467803
  13.64	  0.0425189808
  13.65	  0.0421703532
  13.66	  0.0418010689
  13.67	  0.0414113067
  13.68	  0.0410012566
  13.69	  0.0405711234
  13.70	  0.0401211195
  13.71	  0.0396514572
  13.72	  0.0391623713
  13.73	  0.0386541001
  13.74	  0.0381268933
  13.75	  0.0375810117
  13.76	  0.0370167159
  13.77	  0.0364342891
  13.78	  0.0358340144
  13.79	  0.0352161825
  13.80	  0.0345810987
  13.81	  0.0339290723
  13.82	  0.0332604237
  13.83	  0.0325754806
  13.84	  0.0318745822
  13.85	  0.0311580636
  13.86	  0.0304262824
  13.87	  0.0296795927
  13.88	  0.0289183632
  13.89	  0.0281429663
  13.90	  0.0273537803
  13.91	  0.0265511926
  13.92	  0.0257355962
  13.93	  0.0249073915
  13.94	  0.0240669828
  13.95	  0.0232147835
  13.96	  0.0223512091
  13.97	  0.0214766823
  13.98	  0.0205916353
  13.99	  0.0196964964
  14.00	  0.0187917091
  14.01	  0.0178777128
  14.02	  0.0169549584
  14.03	  0.0160238948
  14.04	  0.0150849810
  14.05	  0.0141386762
  14.06	  0.0131854424
  14.07	  0.0122257490
  14.08	  0.0112600643
  14.09	  0.0102888634
  14.10	  0.0093126204
  14.11	  0.0083318138
  14.12	  0.0073469249
  14.13	  0.0063584363
  14.14	  0.0053668320
  14.15	  0.0043725981
  14.16	  0.0033762215
  14.17	  0.0023781906
  14.18	  0.0013789943
  14.19	  0.0003791224
  14.20	  -0.0006209353
  14.21	  -0.0016206888
  14.22	  -0.0026196481
  14.23	  -0.0036173239
  14.24	  -0.0046132272
  14.25	  -0.0056068697
  14.26	  -0.0065977653
  14.27	  -0.0075854277
  14.28	  -0.0085693737
  14.29	  -0.0095491204
  14.30	  -0.0105241882
  14.31	  -0.0114940992
  14.32	  -0.0124583775
  14.33	  -0.0134165520
  14.34	  -0.0143681532
  14.35	  -0.0153127136
  14.36	  -0.0162497703
  14.37	  -0.0171788670
  14.38	  -0.0180995446
  14.39	  -0.0190113541
  14.40	  -0.0199138504
  14.41	  -0.0208065882
  14.42	  -0.0216891319
  14.43	  -0.0225610472
  14.44	  -0.0234219097
  14.45	  -0.0242712963
  14.46	  -0.0251087919
  14.47	  -0.0259339847
  14.48	  -0.0267464723
  14.49	  -0.0275458544
  14.50	  -0.0283317417
  14.51	  -0.0291037485
  14.52	  -0.0298614949
  14.53	  -0.0306046121
  14.54	  -0.0313327350
  14.55	  -0.0320455097
  14.56	  -0.0327425823
  14.57	  -0.0334236138
  14.58	  -0.0340882726
  14.59	  -0.0347362310
  14.60	  -0.0353671722
  14.61	  -0.0359807871
  14.62	  -0.0365767740
  14.63	  -0.0371548422
  14.64	  -0.0377147086
  14.65	  -0.0382561013
  14.66	  -0.0387787521
  14.67	  -0.0392824039
  14.68	  -0.0397668146
  14.69	  -0.0402317420
  14.70	  -0.0406769663
  14.71	  -0.0411022604
  14.72	  -0.0415074192
  14.73	  -0.0418922491
  14.74	  -0.0422565565
  14.75	  -0.0426001623
  14.76	  -0.0429229029
  14.77	  -0.0432246141
  14.78	  -0.0435051546
  14.79	  -0.0437643863
  14.80	  -0.0440021753
  14.81	  -0.0442184135
  14.82	  -0.0444129929
  14.83	  -0.0445858128
  14.84	  -0.0447367951
  14.85	  -0.0448658653
  14.86	  -0.0449729562
  14.87	  -0.0450580195
  14.88	  -0.0451210104
  14.89	  -0.0451618992
  14.90	  -0.0451806672
  14.91	  -0.0451773070
  14.92	  -0.0451518148
  14.93	  -0.0451042056
  14.94	  -0.0450345017
  14.95	  -0.0449427404
  14.96	  -0.0448289625
  14.97	  -0.0446932279
  14.98	  -0.0445355996
  14.99	  -0.0443561561
  15.00	  -0.0441549867
  15.01	  -0.0439321846
  15.02	  -0.0436878651
  15.03	  -0.0434221476
  15.04	  -0.0431351587
  15.05	  -0.0428270400
  15.06	  -0.0424979404
  15.07	  -0.0421480238
  15.08	  -0.0417774618
  15.09	  -0.0413864329
  15.10	  -0.0409751348
  15.11	  -0.0405437611
  15.12	  -0.0400925279
  15.13	  -0.0396216512
  15.14	  -0.0391313694
  15.15	  -0.0386219136
  15.16	  -0.0380935408
  15.17	  -0.0375465080
  15.18	  -0.0369810797
  15.19	  -0.0363975354
  15.20	  -0.0357961580
  15.21	  -0.0351772495
  15.22	  -0.0345411040
  15.23	  -0.0338880345
  15.24	  -0.0332183652
  15.25	  -0.0325324237
  15.26	  -0.0318305418
  15.27	  -0.0311130676
  15.28	  -0.0303803496
  15.29	  -0.0296327472
  15.30	  -0.0288706273
  15.31	  -0.0280943625
  15.32	  -0.0273043327
  15.33	  -0.0265009273
  15.34	  -0.0256845355
  15.35	  -0.0248555616
  15.36	  -0.0240144078
  15.37	  -0.0231614895
  15.38	  -0.0222972222
  15.39	  -0.0214220323
  15.40	  -0.0205363445
  15.41	  -0.0196405947
  15.42	  -0.0187352225
  15.43	  -0.0178206693
  15.44	  -0.0168973859
  15.45	  -0.0159658212
  15.46	  -0.0150264353
  15.47	  -0.0140796863
  15.48	  -0.0131260380
  15.49	  -0.0121659590
  15.50	  -0.0111999176
  15.51	  -0.0102283899
  15.52	  -0.0092518488
  15.53	  -0.0082707759
  15.54	  -0.0072856494
  15.55	  -0.0062969532
  15.56	  -0.0053051715
  15.57	  -0.0043107900
  15.58	  -0.0033142965
  15.59	  -0.0023161790
  15.60	  -0.0013169264
  15.61	  -0.0003170287
  15.62	  0.0006830244
  15.63	  0.0016827427
  15.64	  0.0026816367
  15.65	  0.0036792166
  15.66	  0.0046749935
  15.67	  0.0056684799
  15.68	  0.0066591888
  15.69	  0.0076466347
  15.70	  0.0086303335
  15.71	  0.0096098036
  15.72	  0.0105845649
  15.73	  0.0115541406
  15.74	  0.0125180539
  15.75	  0.0134758344
  15.76	  0.0144270109
  15.77	  0.0153711187
  15.78	  0.0163076948
  15.79	  0.0172362812
  15.80	  0.0181564223
  15.81	  0.0190676674
  15.82	  0.0199695695
  15.83	  0.0208616871
  15.84	  0.0217435826
  15.85	  0.0226148255
  15.86	  0.0234749876
  15.87	  0.0243236478
  15.88	  0.0251603909
  15.89	  0.0259848069
  15.90	  0.0267964918
  15.91	  0.0275950488
  15.92	  0.0283800848
  15.93	  0.0291512161
  15.94	  0.0299080648
  15.95	  0.0306502618
  15.96	  0.0313774422
  15.97	  0.0320892520
  15.98	  0.0327853374
  15.99	  0.0334653631
  16.00	  0.0341289937
  16.01	  0.0347759053
  16.02	  0.0354057774
  16.03	  0.0360183083
  16.04	  0.0366131887
  16.05	  0.0371901356
  16.06	  0.0377488658
  16.07	  0.0382890999
  16.08	  0.0388105772
  16.09	  0.0393130444
  16.10	  0.0397962518
  16.11	  0.0402599648
  16.12	  0.0407039523
  16.13	  0.0411280058
  16.14	  0.0415319093
  16.15	  0.0419154689
  16.16	  0.0422784947
  16.17	  0.0426208116
  16.18	  0.0429422483
  16.19	  0.0432426520
  16.20	  0.0435218737
  16.21	  0.0437797755
  16.22	  0.0440162309
  16.23	  0.0442311279
  16.24	  0.0444243550
  16.25	  0.0445958264
  16.26	  0.0447454490
  16.27	  0.0448731557
  16.28	  0.0449788794
  16.29	  0.0450625755
  16.30	  0.0451241955
  16.31	  0.0451637097
  16.32	  0.0451811031
  16.33	  0.0451763682
  16.34	  0.0451495014
  16.35	  0.0451005213
  16.36	  0.0450294465
  16.37	  0.0449363142
  16.38	  0.0448211730
  16.39	  0.0446840785
  16.40	  0.0445250906
  16.41	  0.0443442985
  16.42	  0.0441417806
  16.43	  0.0439176410
  16.44	  0.0436719917
  16.45	  0.0434049442
  16.46	  0.0431166403
  16.47	  0.0428072140
  16.48	  0.0424768180
  16.49	  0.0421256162
  16.50	  0.0417537764
  16.51	  0.0413614847
  16.52	  0.0409489311
  16.53	  0.0405163206
  16.54	  0.0400638580
  16.55	  0.0395917743
  16.56	  0.0391002931
  16.57	  0.0385896564
  16.58	  0.0380601175
  16.59	  0.0375119336
  16.60	  0.0369453728
  16.61	  0.0363607109
  16.62	  0.0357582383
  16.63	  0.0351382494
  16.64	  0.0345010422
  16.65	  0.0338469371
  16.66	  0.0331762470
  16.67	  0.0324893035
  16.68	  0.0317864455
  16.69	  0.0310680140
  16.70	  0.0303343609
  16.71	  0.0295858458
  16.72	  0.0288228374
  16.73	  0.0280457065
  16.74	  0.0272548348
  16.75	  0.0264506098
  16.76	  0.0256334264
  16.77	  0.0248036832
  16.78	  0.0239617880
  16.79	  0.0231081527
  16.80	  0.0222431961
  16.81	  0.0213673394
  16.82	  0.0204810146
  16.83	  0.0195846558
  16.84	  0.0186787006
  16.85	  0.0177635923
  16.86	  0.0168397799
  16.87	  0.0159077179
  16.88	  0.0149678607
  16.89	  0.0140206702
  16.90	  0.0130666094
  16.91	  0.0121061457
  16.92	  0.0111397505
  16.93	  0.0101678967
  16.94	  0.0091910614
  16.95	  0.0082097221
  16.96	  0.0072243595
  16.97	  0.0062354575
  16.98	  0.0052435002
  16.99	  0.0042489739
  17.00	  0.0032523652
  17.01	  0.0022541629
  17.02	  0.0012548561
  17.03	  0.0002549345
  17.04	  -0.0007451121
  17.05	  -0.0017447936
  17.06	  -0.0027436202
  17.07	  -0.0037411023
  17.08	  -0.0047367513
  17.09	  -0.0057300795
  17.10	  -0.0067205997
  17.11	  -0.0077078268
  17.12	  -0.0086912774
  17.13	  -0.0096704690
  17.14	  -0.0106449220
  17.15	  -0.0116141597
  17.16	  -0.0125777060
  17.17	  -0.0135350898
  17.18	  -0.0144858416
  17.19	  -0.0154294958
  17.20	  -0.0163655896
  17.21	  -0.0172936637
  17.22	  -0.0182132665
  17.23	  -0.0191239435
  17.24	  -0.0200252496
  17.25	  -0.0209167469
  17.26	  -0.0217979923
  17.27	  -0.0226685610
  17.28	  -0.0235280208
  17.29	  -0.0243759528
  17.30	  -0.0252119433
  17.31	  -0.0260355789
  17.32	  -0.0268464610
  17.33	  -0.0276441891
  17.34	  -0.0284283720
  17.35	  -0.0291986279
  17.36	  -0.0299545787
  17.37	  -0.0306958538
  17.38	  -0.0314220898
  17.39	  -0.0321329348
  17.40	  -0.0328280330
  17.41	  -0.0335070491
  17.42	  -0.0341696516
  17.43	  -0.0348155126
  17.44	  -0.0354443192
  17.45	  -0.0360557586
  17.46	  -0.0366495363
  17.47	  -0.0372253619
  17.48	  -0.0377829485
  17.49	  -0.0383220278
  17.50	  -0.0388423316
  17.51	  -0.0393436104
  17.52	  -0.0398256145
  17.53	  -0.0402881093
  17.54	  -0.0407308675
  17.55	  -0.0411536731
  17.56	  -0.0415563174
  17.57	  -0.0419386066
  17.58	  -0.0423003547
  17.59	  -0.0426413789
  17.60	  -0.0429615155
  17.61	  -0.0432606079
  17.62	  -0.0435385071
  17.63	  -0.0437950827
  17.64	  -0.0440302044
  17.65	  -0.0442437567
  17.66	  -0.0444356389
  17.67	  -0.0446057506
  17.68	  -0.0447540171
  17.69	  -0.0448803604
  17.70	  -0.0449847206
  17.71	  -0.0450670421
  17.72	  -0.0451272912
  17.73	  -0.0451654345
  17.74	  -0.0451814532
  17.75	  -0.0451753438
  17.76	  -0.0451471023
  17.77	  -0.0450967513
  17.78	  -0.0450243056
  17.79	  -0.0449298061
  17.80	  -0.0448133014
  17.81	  -0.0446748435
  17.82	  -0.0445144996
  17.83	  -0.0443323553
  17.84	  -0.0441284925
  17.85	  -0.0439030156
  17.86	  -0.0436560325
  17.87	  -0.0433876626
  17.88	  -0.0430980399
  17.89	  -0.0427873097
  17.90	  -0.0424556173
  17.91	  -0.0421031266
  17.92	  -0.0417300127
  17.93	  -0.0413364582
  17.94	  -0.0409226529
  17.95	  -0.0404888019
  17.96	  -0.0400351174
  17.97	  -0.0395618193
  17.98	  -0.0390691422
  17.99	  -0.0385573246
  18.00	  -0.0380266197
  18.01	  -0.0374772884
  18.02	  -0.0369095951
  18.03	  -0.0363238193
  18.04	  -0.0357202515
  18.05	  -0.0350991823
  18.06	  -0.0344609171
  18.07	  -0.0338057727
  18.08	  -0.0331340656
  18.09	  -0.0324461237
  18.10	  -0.0317422859
  18.11	  -0.0310229007
  18.12	  -0.0302883144
  18.13	  -0.0295388885
  18.14	  -0.0287749916
  18.15	  -0.0279969964
  18.16	  -0.0272052847
  18.17	  -0.0264002439
  18.18	  -0.0255822688
  18.19	  -0.0247517601
  18.20	  -0.0239091236
  18.21	  -0.0230547730
  18.22	  -0.0221891273
  18.23	  -0.0213126075
  18.24	  -0.0204256475
  18.25	  -0.0195286795
  18.26	  -0.0186221413
  18.27	  -0.0177064817
  18.28	  -0.0167821441
  18.29	  -0.0158495847
  18.30	  -0.0149092581
  18.31	  -0.0139616271
  18.32	  -0.0130071547
  18.33	  -0.0120463092
  18.34	  -0.0110795619
  18.35	  -0.0101073850
  18.36	  -0.0091302553
  18.37	  -0.0081486525
  18.38	  -0.0071630562
  18.39	  -0.0061739506
  18.40	  -0.0051818197
  18.41	  -0.0041871495
  18.42	  -0.0031904278
  18.43	  -0.0021921427
  18.44	  -0.0011927835
  18.45	  -0.0001928398
  18.46	  0.0008071984
  18.47	  0.0018068411
  18.48	  0.0028055983
  18.49	  0.0038029810
  18.50	  0.0047984999
  18.51	  0.0057916678
  18.52	  0.0067819976
  18.53	  0.0077690044
  18.54	  0.0087522045
  18.55	  0.0097311158
  18.56	  0.0107052596
  18.57	  0.0116741573
  18.58	  0.0126373349
  18.59	  0.0135943200
  18.60	  0.0145446453
  18.61	  0.0154878432
  18.62	  0.0164234526
  18.63	  0.0173510145
  18.64	  0.0182700753
  18.65	  0.0191801824
  18.66	  0.0200808942
  18.67	  0.0209717657
  18.68	  0.0218523629
  18.69	  0.0227222517
  18.70	  0.0235810094
  18.71	  0.0244282112
  18.72	  0.0252634473
  18.73	  0.0260863025
  18.74	  0.0268963799
  18.75	  0.0276932772
  18.76	  0.0284766071
  18.77	  0.0292459857
  18.78	  0.0300010368
  18.79	  0.0307413880
  18.80	  0.0314666778
  18.81	  0.0321765542
  18.82	  0.0328706652
  18.83	  0.0335486718
  18.84	  0.0342102423
  18.85	  0.0348550566
  18.86	  0.0354827903
  18.87	  0.0360931456
  18.88	  0.0366858169
  18.89	  0.0372605175
  18.90	  0.0378169641
  18.91	  0.0383548811
  18.92	  0.0388740152
  18.93	  0.0393741019
  18.94	  0.0398548990
  18.95	  0.0403161757
  18.96	  0.0407577008
  18.97	  0.0411792621
  18.98	  0.0415806510
  18.99	  0.0419616699
  19.00	  0.0423221327
  19.01	  0.0426618643
  19.02	  0.0429807007
  19.03	  0.0432784818
  19.04	  0.0435550623
  19.05	  0.0438103080
  19.06	  0.0440440923
  19.07	  0.0442563035
  19.08	  0.0444468334
  19.09	  0.0446155965
  19.10	  0.0447624996
  19.11	  0.0448874794
  19.12	  0.0449904725
  19.13	  0.0450714268
  19.14	  0.0451303050
  19.15	  0.0451670736
  19.16	  0.0451817214
  19.17	  0.0451742336
  19.18	  0.0451446213
  19.19	  0.0450928956
  19.20	  0.0450190790
  19.21	  0.0449232124
  19.22	  0.0448053405
  19.23	  0.0446655229
  19.24	  0.0445038266
  19.25	  0.0443203263
  19.26	  0.0441151224
  19.27	  0.0438883044
  19.28	  0.0436399877
  19.29	  0.0433702990
  19.30	  0.0430793613
  19.31	  0.0427673236
  19.32	  0.0424343348
  19.33	  0.0420805588
  19.34	  0.0417061709
  19.35	  0.0413113497
  19.36	  0.0408962965
  19.37	  0.0404612087
  19.38	  0.0400062986
  19.39	  0.0395317897
  19.40	  0.0390379168
  19.41	  0.0385249220
  19.42	  0.0379930511
  19.43	  0.0374425687
  19.44	  0.0368737467
  19.45	  0.0362868570
  19.46	  0.0356821939
  19.47	  0.0350600481
  19.48	  0.0344207287
  19.49	  0.0337645449
  19.50	  0.0330918171
  19.51	  0.0324028805
  19.52	  0.0316980705
  19.53	  0.0309777278
  19.54	  0.0302422103
  19.55	  0.0294918753
  19.56	  0.0287270918
  19.57	  0.0279482342
  19.58	  0.0271556843
  19.59	  0.0263498276
  19.60	  0.0255310629
  19.61	  0.0246997885
  19.62	  0.0238564126
  19.63	  0.0230013486
  19.64	  0.0221350156
  19.65	  0.0212578364
  19.66	  0.0203702413
  19.67	  0.0194726661
  19.68	  0.0185655486
  19.69	  0.0176493358
  19.70	  0.0167244747
  19.71	  0.0157914199
  19.72	  0.0148506276
  19.73	  0.0139025580
  19.74	  0.0129476767
  19.75	  0.0119864512
  19.76	  0.0110193519
  19.77	  0.0100468537
  19.78	  0.0090694325
  19.79	  0.0080875680
  19.80	  0.0071017398
  19.81	  0.0061124316
  19.82	  0.0051201289
  19.83	  0.0041253176
  19.84	  0.0031284844
  19.85	  0.0021301182
  19.86	  0.0011307085
  19.87	  0.0001307447
  19.88	  -0.0008692832
  19.89	  -0.0018688851
  19.90	  -0.0028675713
  19.91	  -0.0038648525
  19.92	  -0.0048602396
  19.93	  -0.0058532455
  19.94	  -0.0068433834
  19.95	  -0.0078301681
  19.96	  -0.0088131158
  19.97	  -0.0097917449
  19.98	  -0.0107655767
  19.99	  -0.0117341327
  20.00	  -0.0126969395
  20.01	  -0.0136535252
  20.02	  -0.0146034211
  20.03	  -0.0155461608
  20.04	  -0.0164812841
  20.05	  -0.0174083319
  20.06	  -0.0183268487
  20.07	  -0.0192363877
  20.08	  -0.0201364998
  20.09	  -0.0210267454
  20.10	  -0.0219066907
  20.11	  -0.0227759015
  20.12	  -0.0236339532
  20.13	  -0.0244804248
  20.14	  -0.0253149029
  20.15	  -0.0261369776
  20.16	  -0.0269462466
  20.17	  -0.0277423132
  20.18	  -0.0285247881
  20.19	  -0.0292932894
  20.20	  -0.0300474372
  20.21	  -0.0307868645
  20.22	  -0.0315112099
  20.23	  -0.0322201140
  20.24	  -0.0329132341
  20.25	  -0.0335902311
  20.26	  -0.0342507735
  20.27	  -0.0348945335
  20.28	  -0.0355211981
  20.29	  -0.0361304618
  20.30	  -0.0367220268
  20.31	  -0.0372956023
  20.32	  -0.0378509052
  20.33	  -0.0383876674
  20.34	  -0.0389056206
  20.35	  -0.0394045189
  20.36	  -0.0398841128
  20.37	  -0.0403441675
  20.38	  -0.0407844596
  20.39	  -0.0412047729
  20.40	  -0.0416049026
  20.41	  -0.0419846512
  20.42	  -0.0423438326
  20.43	  -0.0426822715
  20.44	  -0.0429998040
  20.45	  -0.0432962738
  20.46	  -0.0435715318
  20.47	  -0.0438254476
  20.48	  -0.0440578982
  20.49	  -0.0442687646
  20.50	  -0.0444579460
  20.51	  -0.0446253531
  20.52	  -0.0447709002
  20.53	  -0.0448945165
  20.54	  -0.0449961424
  20.55	  -0.0450757258
  20.56	  -0.0451332293
  20.57	  -0.0451686271
  20.58	  -0.0451819003
  20.59	  -0.0451730415
  20.60	  -0.0451420546
  20.61	  -0.0450889543
  20.62	  -0.0450137705
  20.63	  -0.0449165329
  20.64	  -0.0447972976
  20.65	  -0.0446561202
  20.66	  -0.0444930643
  20.67	  -0.0443082191
  20.68	  -0.0441016667
  20.69	  -0.0438735113
  20.70	  -0.0436238647
  20.71	  -0.0433528498
  20.72	  -0.0430606008
  20.73	  -0.0427472554
  20.74	  -0.0424129702
  20.75	  -0.0420579128
  20.76	  -0.0416822471
  20.77	  -0.0412861668
  20.78	  -0.0408698618
  20.79	  -0.0404335372
  20.80	  -0.0399774052
  20.81	  -0.0395016856
  20.82	  -0.0390066206
  20.83	  -0.0384924449
  20.84	  -0.0379594117
  20.85	  -0.0374077819
  20.86	  -0.0368378311
  20.87	  -0.0362498276
  20.88	  -0.0356440693
  20.89	  -0.0350208506
  20.90	  -0.0343804732
  20.91	  -0.0337232538
  20.92	  -0.0330495127
  20.93	  -0.0323595777
  20.94	  -0.0316537917
  20.95	  -0.0309324972
  20.96	  -0.0301960483
  20.97	  -0.0294448063
  20.98	  -0.0286791380
  20.99	  -0.0278994199
  21.00	  -0.0271060318
  21.01	  -0.0262993630
  21.02	  -0.0254798084
  21.03	  -0.0246477723
  21.04	  -0.0238036588
  21.05	  -0.0229478814
  21.06	  -0.0220808629
  21.07	  -0.0212030243
  21.08	  -0.0203147959
  21.09	  -0.0194166154
  21.10	  -0.0185089223
  21.11	  -0.0175921582
  21.12	  -0.0166667756
  21.13	  -0.0157332271
  21.14	  -0.0147919683
  21.15	  -0.0138434628
  21.16	  -0.0128881736
  21.17	  -0.0119265690
  21.18	  -0.0109591214
  21.19	  -0.0099863037
  21.20	  -0.0090085929
  21.21	  -0.0080264676
  21.22	  -0.0070404094
  21.23	  -0.0060509015
  21.24	  -0.0050584287
  21.25	  -0.0040634773
  21.26	  -0.0030665349
  21.27	  -0.0020680898
  21.28	  -0.0010686314
  21.29	  -0.0000686494
  21.30	  0.0009313663
  21.31	  0.0019309256
  21.32	  0.0029295390
  21.33	  0.0039267167
  21.34	  0.0049219704
  21.35	  0.0059148120
  21.36	  0.0069047557
  21.37	  0.0078913160
  21.38	  0.0088740094
  21.39	  0.0098523553
  21.40	  0.0108258734
  21.41	  0.0117940865
  21.42	  0.0127565209
  21.43	  0.0137127042
  21.44	  0.0146621689
  21.45	  0.0156044494
  21.46	  0.0165390838
  21.47	  0.0174656156
  21.48	  0.0183835886
  21.49	  0.0192925539
  21.50	  0.0201920681
  21.51	  0.0210816860
  21.52	  0.0219609775
  21.53	  0.0228295065
  21.54	  0.0236868523
  21.55	  0.0245325919
  21.56	  0.0253663100
  21.57	  0.0261876024
  21.58	  0.0269960631
  21.59	  0.0277912971
  21.60	  0.0285729170
  21.61	  0.0293405354
  21.62	  0.0300937817
  21.63	  0.0308322813
  21.64	  0.0315556787
  21.65	  0.0322636142
  21.66	  0.0329557434
  21.67	  0.0336317271
  21.68	  0.0342912339
  21.69	  0.0349339433
  21.70	  0.0355595388
  21.71	  0.0361677110
  21.72	  0.0367581658
  21.73	  0.0373306163
  21.74	  0.0378847755
  21.75	  0.0384203754
  21.76	  0.0389371552
  21.77	  0.0394348614
  21.78	  0.0399132483
  21.79	  0.0403720848
  21.80	  0.0408111401
  21.81	  0.0412302092
  21.82	  0.0416290760
  21.83	  0.0420075543
  21.84	  0.0423654541
  21.85	  0.0427025966
  21.86	  0.0430188254
  21.87	  0.0433139838
  21.88	  0.0435879193
  21.89	  0.0438405089
  21.90	  0.0440716185
  21.91	  0.0442811437
  21.92	  0.0444689766
  21.93	  0.0446350276
  21.94	  0.0447792150
  21.95	  0.0449014679
  21.96	  0.0450017266
  21.97	  0.0450799391
  21.98	  0.0451360717
  21.99	  0.0451700948
  22.00	  0.0451819934
  22.01	  0.0451717600
  22.02	  0.0451393984
  22.03	  0.0450849272
  22.04	  0.0450083725
  22.05	  0.0449097715
  22.06	  0.0447891727
  22.07	  0.0446466319
  22.08	  0.0444822237
  22.09	  0.0442960225
  22.10	  0.0440881290
  22.11	  0.0438586362
  22.12	  0.0436076596
  22.13	  0.0433353223
  22.14	  0.0430417545
  22.15	  0.0427271090
  22.16	  0.0423915274
  22.17	  0.0420351848
  22.18	  0.0416582488
  22.19	  0.0412609056
  22.20	  0.0408433527
  22.21	  0.0404057913
  22.22	  0.0399484336
  22.23	  0.0394715108
  22.24	  0.0389752463
  22.25	  0.0384598933
  22.26	  0.0379256979
  22.27	  0.0373729244
  22.28	  0.0368018411
  22.29	  0.0362127312
  22.30	  0.0356058814
  22.31	  0.0349815860
  22.32	  0.0343401544
  22.33	  0.0336818993
  22.34	  0.0330071412
  22.35	  0.0323162153
  22.36	  0.0316094533
  22.37	  0.0308872089
  22.38	  0.0301498305
  22.39	  0.0293976814
  22.40	  0.0286311302
  22.41	  0.0278505515
  22.42	  0.0270563271
  22.43	  0.0262488481
  22.44	  0.0254285075
  22.45	  0.0245957077
  22.46	  0.0237508584
  22.47	  0.0228943713
  22.48	  0.0220266674
  22.49	  0.0211481713
  22.50	  0.0202593133
  22.51	  0.0193605293
  22.52	  0.0184522588
  22.53	  0.0175349470
  22.54	  0.0166090447
  22.55	  0.0156750027
  22.56	  0.0147332819
  22.57	  0.0137843406
  22.58	  0.0128286462
  22.59	  0.0118666654
  22.60	  0.0108988704
  22.61	  0.0099257343
  22.62	  0.0089477357
  22.63	  0.0079653524
  22.64	  0.0069790659
  22.65	  0.0059893597
  22.66	  0.0049967188
  22.67	  0.0040016300
  22.68	  0.0030045798
  22.69	  0.0020060576
  22.70	  0.0010065524
  22.71	  0.0000065539
  22.72	  -0.0009934477
  22.73	  -0.0019929626
  22.74	  -0.0029915010
  22.75	  -0.0039885733
  22.76	  -0.0049836915
  22.77	  -0.0059763677
  22.78	  -0.0069661150
  22.79	  -0.0079524498
  22.80	  -0.0089348871
  22.81	  -0.0099129472
  22.82	  -0.0108861495
  22.83	  -0.0118540172
  22.84	  -0.0128160771
  22.85	  -0.0137718571
  22.86	  -0.0147208897
  22.87	  -0.0156627093
  22.88	  -0.0165968537
  22.89	  -0.0175228659
  22.90	  -0.0184402931
  22.91	  -0.0193486847
  22.92	  -0.0202475972
  22.93	  -0.0211365875
  22.94	  -0.0220152214
  22.95	  -0.0228830706
  22.96	  -0.0237397067
  22.97	  -0.0245847125
  22.98	  -0.0254176706
  22.99	  -0.0262381770
  23.00	  -0.0270458292
  23.01	  -0.0278402288
  23.02	  -0.0286209900
  23.03	  -0.0293877274
  23.04	  -0.0301400684
  23.05	  -0.0308776405
  23.06	  -0.0316000879
  23.07	  -0.0323070511
  23.08	  -0.0329981893
  23.09	  -0.0336731598
  23.10	  -0.0343316346
  23.11	  -0.0349732898
  23.12	  -0.0355978087
  23.13	  -0.0362048931
  23.14	  -0.0367942378
  23.15	  -0.0373655595
  23.16	  -0.0379185751
  23.17	  -0.0384530127
  23.18	  -0.0389686152
  23.19	  -0.0394651294
  23.20	  -0.0399423093
  23.21	  -0.0403999239
  23.22	  -0.0408377461
  23.23	  -0.0412555635
  23.24	  -0.0416531712
  23.25	  -0.0420303755
  23.26	  -0.0423869900
  23.27	  -0.0427228436
  23.28	  -0.0430377685
  23.29	  -0.0433316119
  23.30	  -0.0436042286
  23.31	  -0.0438554846
  23.32	  -0.0440852605
  23.33	  -0.0442934372
  23.34	  -0.0444799215
  23.35	  -0.0446446165
  23.36	  -0.0447874442
  23.37	  -0.0449083336
  23.38	  -0.0450072251
  23.39	  -0.0450840667
  23.40	  -0.0451388285
  23.41	  -0.0451714806
  23.42	  -0.0451820046
  23.43	  -0.0451703966
  23.44	  -0.0451366603
  23.45	  -0.0450808182
  23.46	  -0.0450028926
  23.47	  -0.0449029244
  23.48	  -0.0447809584
  23.49	  -0.0446370579
  23.50	  -0.0444712937
  23.51	  -0.0442837477
  23.52	  -0.0440745056
  23.53	  -0.0438436754
  23.54	  -0.0435913689
  23.55	  -0.0433177091
  23.56	  -0.0430228338
  23.57	  -0.0427068770
  23.58	  -0.0423700064
  23.59	  -0.0420123786
  23.60	  -0.0416341685
  23.61	  -0.0412355661
  23.62	  -0.0408167653
  23.63	  -0.0403779671
  23.64	  -0.0399193875
  23.65	  -0.0394412577
  23.66	  -0.0389438011
  23.67	  -0.0384272709
  23.68	  -0.0378919169
  23.69	  -0.0373379961
  23.70	  -0.0367657878
  23.71	  -0.0361755639
  23.72	  -0.0355676226
  23.73	  -0.0349422544
  23.74	  -0.0342997685
  23.75	  -0.0336404778
  23.76	  -0.0329647064
  23.77	  -0.0322727896
  23.78	  -0.0315650553
  23.79	  -0.0308418609
  23.80	  -0.0301035568
  23.81	  -0.0293505024
  23.82	  -0.0285830684
  23.83	  -0.0278016310
  23.84	  -0.0270065721
  23.85	  -0.0261982828
  23.86	  -0.0253771562
  23.87	  -0.0245435964
  23.88	  -0.0236980133
  23.89	  -0.0228408184
  23.90	  -0.0219724309
  23.91	  -0.0210932791
  23.92	  -0.0202037916
  23.93	  -0.0193044059
  23.94	  -0.0183955617
  23.95	  -0.0174777023
  23.96	  -0.0165512823
  23.97	  -0.0156167503
  23.98	  -0.0146745667
  23.99	  -0.0137251932
  24.00	  -0.0127690947
  24.01	  -0.0118067386
  24.02	  -0.0108385980
  24.03	  -0.0098651471
  24.04	  -0.0088868616
  24.05	  -0.0079042222
  24.06	  -0.0069177095
  24.07	  -0.0059278067
  24.08	  -0.0049349996
  24.09	  -0.0039397748
  24.10	  -0.0029426189
  24.11	  -0.0019440214
  24.12	  -0.0009444713
  24.13	  0.0000555416
  24.14	  0.0010555272
  24.15	  0.0020549959
  24.16	  0.0030534572
  24.17	  0.0040504225
  24.18	  0.0050454033
  24.19	  0.0060379119
  24.20	  0.0070274617
  24.21	  0.0080135679
  24.22	  0.0089957481
  24.23	  0.0099735195
  24.24	  0.0109464051
  24.25	  0.0119139263
  24.26	  0.0128756100
  24.27	  0.0138309849
  24.28	  0.0147795826
  24.29	  0.0157209393
  24.30	  0.0166545920
  24.31	  0.0175800845
  24.32	  0.0184969641
  24.33	  0.0194047801
  24.34	  0.0203030873
  24.35	  0.0211914480
  24.36	  0.0220694263
  24.37	  0.0229365900
  24.38	  0.0237925164
  24.39	  0.0246367846
  24.40	  0.0254689828
  24.41	  0.0262887031
  24.42	  0.0270955432
  24.43	  0.0278891083
  24.44	  0.0286690090
  24.45	  0.0294348635
  24.46	  0.0301862974
  24.47	  0.0309229419
  24.48	  0.0316444375
  24.49	  0.0323504284
  24.50	  0.0330405720
  24.51	  0.0337145291
  24.52	  0.0343719684
  24.53	  0.0350125656
  24.54	  0.0356360152
  24.55	  0.0362420045
  24.56	  0.0368302390
  24.57	  0.0374004319
  24.58	  0.0379523002
  24.59	  0.0384855792
  24.60	  0.0390000045
  24.61	  0.0394953229
  24.62	  0.0399712957
  24.63	  0.0404276848
  24.64	  0.0408642739
  24.65	  0.0412808433
  24.66	  0.0416771881
  24.67	  0.0420531183
  24.68	  0.0424084514
  24.69	  0.0427430086
  24.70	  0.0430566296
  24.71	  0.0433491580
  24.72	  0.0436204523
  24.73	  0.0438703783
  24.74	  0.0440988131
  24.75	  0.0443056524
  24.76	  0.0444907844
  24.77	  0.0446541235
  24.78	  0.0447955914
  24.79	  0.0449151136
  24.80	  0.0450126380
  24.81	  0.0450881124
  24.82	  0.0451414995
  24.83	  0.0451727770
  24.84	  0.0451819263
  24.85	  0.0451689437
  24.86	  0.0451338366
  24.87	  0.0450766236
  24.88	  0.0449973270
  24.89	  0.0448959917
  24.90	  0.0447726622
  24.91	  0.0446274020
  24.92	  0.0444602817
  24.93	  0.0442713834
  24.94	  0.0440608002
  24.95	  0.0438286327
  24.96	  0.0435750000
  24.97	  0.0433000177
  24.98	  0.0430038273
  24.99	  0.0426865704
  25.00	  0.0423484035
  25.01	  0.0419894904
  25.02	  0.0416100137
  25.03	  0.0412101485
  25.04	  0.0407900997
  25.05	  0.0403500684
  25.06	  0.0398902670
  25.07	  0.0394109301
  25.08	  0.0389122851
  25.09	  0.0383945778
  25.10	  0.0378580615
  25.11	  0.0373029970
  25.12	  0.0367296599
  25.13	  0.0361383297
  25.14	  0.0355292968
  25.15	  0.0349028558
  25.16	  0.0342593193
  25.17	  0.0335989967
  25.18	  0.0329222120
  25.19	  0.0322293006
  25.20	  0.0315206014
  25.21	  0.0307964571
  25.22	  0.0300572254
  25.23	  0.0293032676
  25.24	  0.0285349526
  25.25	  0.0277526584
  25.26	  0.0269567668
  25.27	  0.0261476673
  25.28	  0.0253257584
  25.29	  0.0244914405
  25.30	  0.0236451235
  25.31	  0.0227872208
  25.32	  0.0219181534
  25.33	  0.0210383479
  25.34	  0.0201482326
  25.35	  0.0192482471
  25.36	  0.0183388293
  25.37	  0.0174204260
  25.38	  0.0164934881
  25.39	  0.0155584672
  25.40	  0.0146158244
  25.41	  0.0136660198
  25.42	  0.0127095189
  25.43	  0.0117467903
  25.44	  0.0107783061
  25.45	  0.0098045403
  25.46	  0.0088259708
  25.47	  0.0078430772
  25.48	  0.0068563395
  25.49	  0.0058662426
  25.50	  0.0048732711
  25.51	  0.0038779119
  25.52	  0.0028806527
  25.53	  0.0018819816
  25.54	  0.0008823885
  25.55	  -0.0001176370
  25.56	  -0.0011176048
  25.57	  -0.0021170250
  25.58	  -0.0031154079
  25.59	  -0.0041122641
  25.60	  -0.0051071057
  25.61	  -0.0060994443
  25.62	  -0.0070887944
  25.63	  -0.0080746710
  25.64	  -0.0090565914
  25.65	  -0.0100340741
  25.66	  -0.0110066393
  25.67	  -0.0119738122
  25.68	  -0.0129351178
  25.69	  -0.0138900857
  25.70	  -0.0148382476
  25.71	  -0.0157791376
  25.72	  -0.0167122986
  25.73	  -0.0176372696
  25.74	  -0.0185535979
  25.75	  -0.0194608364
  25.76	  -0.0203585401
  25.77	  -0.0212462693
  25.78	  -0.0221235882
  25.79	  -0.0229900666
  25.80	  -0.0238452815
  25.81	  -0.0246888120
  25.82	  -0.0255202483
  25.83	  -0.0263391789
  25.84	  -0.0271452069
  25.85	  -0.0279379338
  25.86	  -0.0287169740
  25.87	  -0.0294819437
  25.88	  -0.0302324705
  25.89	  -0.0309681855
  25.90	  -0.0316887274
  25.91	  -0.0323937461
  25.92	  -0.0330828950
  25.93	  -0.0337558314
  25.94	  -0.0344122350
  25.95	  -0.0350517817
  25.96	  -0.0356741510
  25.97	  -0.0362790488
  25.98	  -0.0368661694
  25.99	  -0.0374352336
  26.00	  -0.0379859582
  26.01	  -0.0385180712
  26.02	  -0.0390313156
  26.03	  -0.0395254418
  26.04	  -0.0400002040
  26.05	  -0.0404553711
  26.06	  -0.0408907235
  26.07	  -0.0413060412
  26.08	  -0.0417011268
  26.09	  -0.0420757830
  26.10	  -0.0424298309
  26.11	  -0.0427630916
  26.12	  -0.0430754088
  26.13	  -0.0433666222
  26.14	  -0.0436365940
  26.15	  -0.0438851900
  26.16	  -0.0441122875
  26.17	  -0.0443177782
  26.18	  -0.0445015617
  26.19	  -0.0446635447
  26.20	  -0.0448036492
  26.21	  -0.0449218117
  26.22	  -0.0450179651
  26.23	  -0.0450920686
  26.24	  -0.0451440848
  26.25	  -0.0451739877
  26.26	  -0.0451817662
  26.27	  -0.0451674089
  26.28	  -0.0451309271
  26.29	  -0.0450723395
  26.30	  -0.0449916758
  26.31	  -0.0448889732
  26.32	  -0.0447642803
  26.33	  -0.0446176603
  26.34	  -0.0444491878
  26.35	  -0.0442589410
  26.36	  -0.0440470129
  26.37	  -0.0438135080
  26.38	  -0.0435585454
  26.39	  -0.0432822444
  26.40	  -0.0429847389
  26.41	  -0.0426661782
  26.42	  -0.0423267186
  26.43	  -0.0419665277
  26.44	  -0.0415857770
  26.45	  -0.0411846526
  26.46	  -0.0407633558
  26.47	  -0.0403220914
  26.48	  -0.0398610719
  26.49	  -0.0393805280
  26.50	  -0.0388806909
  26.51	  -0.0383618101
  26.52	  -0.0378241315
  26.53	  -0.0372679271
  26.54	  -0.0366934650
  26.55	  -0.0361010283
  26.56	  -0.0354909040
  26.57	  -0.0348633938
  26.58	  -0.0342188030
  26.59	  -0.0335574523
  26.60	  -0.0328796580
  26.61	  -0.0321857557
  26.62	  -0.0314760841
  26.63	  -0.0307509936
  26.64	  -0.0300108362
  26.65	  -0.0292559769
  26.66	  -0.0284867827
  26.67	  -0.0277036335
  26.68	  -0.0269069094
  26.69	  -0.0260970034
  26.70	  -0.0252743121
  26.71	  -0.0244392380
  26.72	  -0.0235921890
  26.73	  -0.0227335803
  26.74	  -0.0218638331
  26.75	  -0.0209833756
  26.76	  -0.0200926345
  26.77	  -0.0191920493
  26.78	  -0.0182820614
  26.79	  -0.0173631161
  26.80	  -0.0164356623
  26.81	  -0.0155001553
  26.82	  -0.0145570543
  26.83	  -0.0136068203
  26.84	  -0.0126499189
  26.85	  -0.0116868196
  26.86	  -0.0107179936
  26.87	  -0.0097439159
  26.88	  -0.0087650642
  26.89	  -0.0077819168
  26.90	  -0.0067949570
  26.91	  -0.0058046672
  26.92	  -0.0048115333
  26.93	  -0.0038160421
  26.94	  -0.0028186808
  26.95	  -0.0018199383
  26.96	  -0.0008203041
  26.97	  0.0001797321
  26.98	  0.0011796802
  26.99	  0.0021790504
  27.00	  0.0031773525
  27.01	  0.0041740979
  27.02	  0.0051687979
  27.03	  0.0061609657
  27.04	  0.0071501140
  27.05	  0.0081357593
  27.06	  0.0091174180
  27.07	  0.0100946091
  27.08	  0.0110668540
  27.09	  0.0120336758
  27.10	  0.0129946014
  27.11	  0.0139491605
  27.12	  0.0148968836
  27.13	  0.0158373080
  27.14	  0.0167699736
  27.15	  0.0176944211
  27.16	  0.0186101981
  27.17	  0.0195168573
  27.18	  0.0204139557
  27.19	  0.0213010497
  27.20	  0.0221777074
  27.21	  0.0230434984
  27.22	  0.0238979999
  27.23	  0.0247407928
  27.24	  0.0255714636
  27.25	  0.0263896063
  27.26	  0.0271948185
  27.27	  0.0279867072
  27.28	  0.0287648849
  27.29	  0.0295289699
  27.30	  0.0302785859
  27.31	  0.0310133696
  27.32	  0.0317329578
  27.33	  0.0324370004
  27.34	  0.0331251509
  27.35	  0.0337970741
  27.36	  0.0344524384
  27.37	  0.0350909270
  27.38	  0.0357122235
  27.39	  0.0363160223
  27.40	  0.0369020328
  27.41	  0.0374699645
  27.42	  0.0380195417
  27.43	  0.0385504924
  27.44	  0.0390625559
  27.45	  0.0395554863
  27.46	  0.0400290377
  27.47	  0.0404829830
  27.48	  0.0409170948
  27.49	  0.0413311645
  27.50	  0.0417249873
  27.51	  0.0420983694
  27.52	  0.0424511284
  27.53	  0.0427830964
  27.54	  0.0430941060
  27.55	  0.0433840044
  27.56	  0.0436526500
  27.57	  0.0438999161
  27.58	  0.0441256762
  27.59	  0.0443298221
  27.60	  0.0445122533
  27.61	  0.0446728803
  27.62	  0.0448116288
  27.63	  0.0449284203
  27.64	  0.0450232103
  27.65	  0.0450959429
  27.66	  0.0451465882
  27.67	  0.0451751165
  27.68	  0.0451815166
  27.69	  0.0451657884
  27.70	  0.0451279357
  27.71	  0.0450679734
  27.72	  0.0449859388
  27.73	  0.0448818691
  27.74	  0.0447558165
  27.75	  0.0446078368
  27.76	  0.0444380082
  27.77	  0.0442464128
  27.78	  0.0440331437
  27.79	  0.0437983014
  27.80	  0.0435420088
  27.81	  0.0432643853
  27.82	  0.0429655723
  27.83	  0.0426457115
  27.84	  0.0423049591
  27.85	  0.0419434831
  27.86	  0.0415614620
  27.87	  0.0411590822
  27.88	  0.0407365374
  27.89	  0.0402940400
  27.90	  0.0398318022
  27.91	  0.0393500514
  27.92	  0.0388490260
  27.93	  0.0383289680
  27.94	  0.0377901345
  27.95	  0.0372327901
  27.96	  0.0366572030
  27.97	  0.0360636562
  27.98	  0.0354524441
  27.99	  0.0348238647
  28.00	  0.0341782272
  28.01	  0.0335158408
  28.02	  0.0328370370
  28.03	  0.0321421474
  28.04	  0.0314315073
  28.05	  0.0307054706
  28.06	  0.0299643911
  28.07	  0.0292086303
  28.08	  0.0284385588
  28.09	  0.0276545547
  28.10	  0.0268570017
  28.11	  0.0260462910
  28.12	  0.0252228193
  28.13	  0.0243869890
  28.14	  0.0235392097
  28.15	  0.0226798970
  28.16	  0.0218094736
  28.17	  0.0209283642
  28.18	  0.0200369991
  28.19	  0.0191358179
  28.20	  0.0182252601
  28.21	  0.0173057728
  28.22	  0.0163778067
  28.23	  0.0154418144
  28.24	  0.0144982571
  28.25	  0.0135475956
  28.26	  0.0125902956
  28.27	  0.0116268266
  28.28	  0.0106576607
  28.29	  0.0096832728
  28.30	  0.0087041399
  28.31	  0.0077207419
  28.32	  0.0067335614
  28.33	  0.0057430812
  28.34	  0.0047497866
  28.35	  0.0037541648
  28.36	  0.0027567036
  28.37	  0.0017578915
  28.38	  0.0007582181
  28.39	  -0.0002418269
  28.40	  -0.0012417533
  28.41	  -0.0022410713
  28.42	  -0.0032392913
  28.43	  -0.0042359238
  28.44	  -0.0052304808
  28.45	  -0.0062224753
  28.46	  -0.0072114202
  28.47	  -0.0081968317
  28.48	  -0.0091782268
  28.49	  -0.0101551246
  28.50	  -0.0111270472
  28.51	  -0.0120935170
  28.52	  -0.0130540607
  28.53	  -0.0140082082
  28.54	  -0.0149554927
  28.55	  -0.0158954486
  28.56	  -0.0168276168
  28.57	  -0.0177515391
  28.58	  -0.0186667647
  28.59	  -0.0195728429
  28.60	  -0.0204693303
  28.61	  -0.0213557892
  28.62	  -0.0222317856
  28.63	  -0.0230968893
  28.64	  -0.0239506755
  28.65	  -0.0247927271
  28.66	  -0.0256226324
  28.67	  -0.0264399834
  28.68	  -0.0272443797
  28.69	  -0.0280354284
  28.70	  -0.0288127419
  28.71	  -0.0295759384
  28.72	  -0.0303246453
  28.73	  -0.0310584959
  28.74	  -0.0317771286
  28.75	  -0.0324801952
  28.76	  -0.0331673473
  28.77	  -0.0338382535
  28.78	  -0.0344925784
  28.79	  -0.0351300053
  28.80	  -0.0357502252
  28.81	  -0.0363529287
  28.82	  -0.0369378254
  28.83	  -0.0375046246
  28.84	  -0.0380530506
  28.85	  -0.0385828391
  28.86	  -0.0390937217
  28.87	  -0.0395854563
  28.88	  -0.0400577970
  28.89	  -0.0405105166
  28.90	  -0.0409433916
  28.91	  -0.0413562097
  28.92	  -0.0417487659
  28.93	  -0.0421208739
  28.94	  -0.0424723476
  28.95	  -0.0428030193
  28.96	  -0.0431127213
  28.97	  -0.0434013046
  28.98	  -0.0436686277
  28.99	  -0.0439145602
  29.00	  -0.0441389829
  29.01	  -0.0443417840
  29.02	  -0.0445228629
  29.03	  -0.0446821339
  29.04	  -0.0448195189
  29.05	  -0.0449349470
  29.06	  -0.0450283699
  29.07	  -0.0450997315
  29.08	  -0.0451490022
  29.09	  -0.0451761596
  29.10	  -0.0451811850
  29.11	  -0.0451640822
  29.12	  -0.0451248549
  29.13	  -0.0450635254
  29.14	  -0.0449801199
  29.15	  -0.0448746830
  29.16	  -0.0447472632
  29.17	  -0.0445979275
  29.18	  -0.0444267429
  29.19	  -0.0442337990
  29.20	  -0.0440191887
  29.21	  -0.0437830128
  29.22	  -0.0435253903
  29.23	  -0.0432464480
  29.24	  -0.0429463238
  29.25	  -0.0426251590
  29.26	  -0.0422831140
  29.27	  -0.0419203602
  29.28	  -0.0415370688
  29.29	  -0.0411334299
  29.30	  -0.0407096408
  29.31	  -0.0402659103
  29.32	  -0.0398024544
  29.33	  -0.0393195041
  29.34	  -0.0388172865
  29.35	  -0.0382960550
  29.36	  -0.0377560668
  29.37	  -0.0371975787
  29.38	  -0.0366208702
  29.39	  -0.0360262170
  29.40	  -0.0354139209
  29.41	  -0.0347842723
  29.42	  -0.0341375805
  29.43	  -0.0334741697
  29.44	  -0.0327943563
  29.45	  -0.0320984758
  29.46	  -0.0313868746
  29.47	  -0.0306598917
  29.48	  -0.0299178883
  29.49	  -0.0291612297
  29.50	  -0.0283902809
  29.51	  -0.0276054256
  29.52	  -0.0268070437
  29.53	  -0.0259955283
  29.54	  -0.0251712780
  29.55	  -0.0243346933
  29.56	  -0.0234861858
  29.57	  -0.0226261709
  29.58	  -0.0217550714
  29.59	  -0.0208733119
  29.60	  -0.0199813265
  29.61	  -0.0190795492
  29.62	  -0.0181684252
  29.63	  -0.0172483977
  29.64	  -0.0163199194
  29.65	  -0.0153834438
  29.66	  -0.0144394320
  29.67	  -0.0134883448
  29.68	  -0.0125306481
  29.69	  -0.0115668112
  29.70	  -0.0105973072
  29.71	  -0.0096226111
  29.72	  -0.0086431997
  29.73	  -0.0076595526
  29.74	  -0.0066721528
  29.75	  -0.0056814840
  29.76	  -0.0046880306
  29.77	  -0.0036922805
  29.78	  -0.0026947211
  29.79	  -0.0016958414
  29.80	  -0.0006961306
  29.81	  0.0003039213
  29.82	  0.0013038242
  29.83	  0.0023030883
  29.84	  0.0033012240
  29.85	  0.0042977417
  29.86	  0.0052921539
  29.87	  0.0062839729
  29.88	  0.0072727129
  29.89	  0.0082578892
  29.90	  0.0092390189
  29.91	  0.0102156214
  29.92	  0.0111872191
  29.93	  0.0121533349
  29.94	  0.0131134950
  29.95	  0.0140672307
  29.96	  0.0150140729
  29.97	  0.0159535594
  29.98	  0.0168852285
  29.99	  0.0178086236
  30.00	  0.0187232941
  30.01	  0.0196287893
  30.02	  0.0205246676
  30.03	  0.0214104895
  30.04	  0.0222858228
  30.05	  0.0231502354
  30.06	  0.0240033045
  30.07	  0.0248446148
  30.08	  0.0256737508
  30.09	  0.0264903083
  30.10	  0.0272938889
  30.11	  0.0280840956
  30.12	  0.0288605429
  30.13	  0.0296228509
  30.14	  0.0303706471
  30.15	  0.0311035626
  30.16	  0.0318212397
  30.17	  0.0325233266
  30.18	  0.0332094803
  30.19	  0.0338793658
  30.20	  0.0345326513
  30.21	  0.0351690203
  30.22	  0.0357881598
  30.23	  0.0363897681
  30.24	  0.0369735472
  30.25	  0.0375392139
  30.26	  0.0380864926
  30.27	  0.0386151113
  30.28	  0.0391248129
  30.29	  0.0396153517
  30.30	  0.0400864817
  30.31	  0.0405379757
  30.32	  0.0409696102
  30.33	  0.0413811728
  30.34	  0.0417724699
  30.35	  0.0421433002
  30.36	  0.0424934886
  30.37	  0.0428228602
  30.38	  0.0431312546
  30.39	  0.0434185229
  30.40	  0.0436845236
  30.41	  0.0439291224
  30.42	  0.0441522039
  30.43	  0.0443536602
  30.44	  0.0445333868
  30.45	  0.0446913019
  30.46	  0.0448273271
  30.47	  0.0449413918
  30.48	  0.0450334400
  30.49	  0.0451034345
  30.50	  0.0451513343
  30.51	  0.0451771133
  30.52	  0.0451807678
  30.53	  0.0451622903
  30.54	  0.0451216884
  30.55	  0.0450589880
  30.56	  0.0449742153
  30.57	  0.0448674113
  30.58	  0.0447386280
  30.59	  0.0445879325
  30.60	  0.0444153957
  30.61	  0.0442211032
  30.62	  0.0440051518
  30.63	  0.0437676385
  30.64	  0.0435086899
  30.65	  0.0432284288
  30.66	  0.0429269932
  30.67	  0.0426045284
  30.68	  0.0422611944
  30.69	  0.0418971553
  30.70	  0.0415125974
  30.71	  0.0411076993
  30.72	  0.0406826697
  30.73	  0.0402377062
  30.74	  0.0397730358
  30.75	  0.0392888784
  30.76	  0.0387854762
  30.77	  0.0382630713
  30.78	  0.0377219245
  30.79	  0.0371622965
  30.80	  0.0365844667
  30.81	  0.0359887108
  30.82	  0.0353753269
  30.83	  0.0347446091
  30.84	  0.0340968743
  30.85	  0.0334324315
  30.86	  0.0327516124
  30.87	  0.0320547484
  30.88	  0.0313421786
  30.89	  0.0306142531
  30.90	  0.0298713297
  30.91	  0.0291137733
  30.92	  0.0283419508
  30.93	  0.0275562443
  30.94	  0.0267570354
  30.95	  0.0259447172
  30.96	  0.0251196884
  30.97	  0.0242823511
  30.98	  0.0234331172
  30.99	  0.0225724038
  31.00	  0.0217006281
  31.01	  0.0208182223
  31.02	  0.0199256148
  31.03	  0.0190232452
  31.04	  0.0181115549
  31.05	  0.0171909891
  31.06	  0.0162620004
  31.07	  0.0153250452
  31.08	  0.0143805798
  31.09	  0.0134290680
  31.10	  0.0124709764
  31.11	  0.0115067745
  31.12	  0.0105369342
  31.13	  0.0095619317
  31.14	  0.0085822428
  31.15	  0.0075983489
  31.16	  0.0066107321
  31.17	  0.0056198761
  31.18	  0.0046262662
  31.19	  0.0036303895
  31.20	  0.0026327337
  31.21	  0.0016337881
  31.22	  0.0006340418
  31.23	  -0.0003660150
  31.24	  -0.0013658926
  31.25	  -0.0023651009
  31.26	  -0.0033631502
  31.27	  -0.0043595517
  31.28	  -0.0053538168
  31.29	  -0.0063454588
  31.30	  -0.0073339916
  31.31	  -0.0083189309
  31.32	  -0.0092997933
  31.33	  -0.0102760997
  31.34	  -0.0112473704
  31.35	  -0.0122131296
  31.36	  -0.0131729050
  31.37	  -0.0141262263
  31.38	  -0.0150726251
  31.39	  -0.0160116386
  31.40	  -0.0169428084
  31.41	  -0.0178656746
  31.42	  -0.0187797882
  31.43	  -0.0196847003
  31.44	  -0.0205799658
  31.45	  -0.0214651506
  31.46	  -0.0223398153
  31.47	  -0.0232035369
  31.48	  -0.0240558889
  31.49	  -0.0248964541
  31.50	  -0.0257248227
  31.51	  -0.0265405867
  31.52	  -0.0273433458
  31.53	  -0.0281327106
  31.54	  -0.0289082918
  31.55	  -0.0296697095
  31.56	  -0.0304165911
  31.57	  -0.0311485697
  31.58	  -0.0318652913
  31.59	  -0.0325663984
  31.60	  -0.0332515500
  31.61	  -0.0339204147
  31.62	  -0.0345726609
  31.63	  -0.0352079682
  31.64	  -0.0358260274
  31.65	  -0.0364265367
  31.66	  -0.0370092019
  31.67	  -0.0375737324
  31.68	  -0.0381198600
  31.69	  -0.0386473127
  31.70	  -0.0391558334
  31.71	  -0.0396451727
  31.72	  -0.0401150882
  31.73	  -0.0405653566
  31.74	  -0.0409957506
  31.75	  -0.0414060615
  31.76	  -0.0417960919
  31.77	  -0.0421656482
  31.78	  -0.0425145477
  31.79	  -0.0428426228
  31.80	  -0.0431497097
  31.81	  -0.0434356593
  31.82	  -0.0437003337
  31.83	  -0.0439436026
  31.84	  -0.0441653430
  31.85	  -0.0443654545
  31.86	  -0.0445438288
  31.87	  -0.0447003879
  31.88	  -0.0448350497
  31.89	  -0.0449477471
  31.90	  -0.0450384319
  31.91	  -0.0451070517
  31.92	  -0.0451535769
  31.93	  -0.0451779850
  31.94	  -0.0451802649
  31.95	  -0.0451604128
  31.96	  -0.0451184399
  31.97	  -0.0450543649
  31.98	  -0.0449682251
  31.99	  -0.0448600538
  32.00	  -0.0447299108
  32.01	  -0.0445778556
  32.02	  -0.0444039665
  32.03	  -0.0442083254
  32.04	  -0.0439910293
  32.05	  -0.0437521860
  32.06	  -0.0434919074
  32.07	  -0.0432103276
  32.08	  -0.0429075807
  32.09	  -0.0425838158
  32.10	  -0.0422391891
  32.11	  -0.0418738760
  32.12	  -0.0414880477
  32.13	  -0.0410818942
  32.14	  -0.0406556204
  32.15	  -0.0402094275
  32.16	  -0.0397435389
  32.17	  -0.0392581783
  32.18	  -0.0387535878
  32.19	  -0.0382300168
  32.20	  -0.0376877114
  32.21	  -0.0371269472
  32.22	  -0.0365479924
  32.23	  -0.0359511375
  32.24	  -0.0353366658
  32.25	  -0.0347048864
  32.26	  -0.0340561010
  32.27	  -0.0333906338
  32.28	  -0.0327088088
  32.29	  -0.0320109576
  32.30	  -0.0312974229
  32.31	  -0.0305685587
  32.32	  -0.0298247151
  32.33	  -0.0290662609
  32.34	  -0.0282935668
  32.35	  -0.0275070090
  32.36	  -0.0267069750
  32.37	  -0.0258938577
  32.38	  -0.0250680521
  32.39	  -0.0242299642
  32.40	  -0.0233800057
  32.41	  -0.0225185920
  32.42	  -0.0216461457
  32.43	  -0.0207630917
  32.44	  -0.0198698658
  32.45	  -0.0189669039
  32.46	  -0.0180546492
  32.47	  -0.0171335489
  32.48	  -0.0162040517
  32.49	  -0.0152666168
  32.50	  -0.0143217007
  32.51	  -0.0133697670
  32.52	  -0.0124112824
  32.53	  -0.0114467163
  32.54	  -0.0104765417
  32.55	  -0.0095012337
  32.56	  -0.0085212700
  32.57	  -0.0075371307
  32.58	  -0.0065492988
  32.59	  -0.0055582575
  32.60	  -0.0045644925
  32.61	  -0.0035684912
  32.62	  -0.0025707413
  32.63	  -0.0015717316
  32.64	  -0.0005719519
  32.65	  0.0004281081
  32.66	  0.0014279584
  32.67	  0.0024271091
  32.68	  0.0034250703
  32.69	  0.0044213533
  32.70	  0.0054154699
  32.71	  0.0064069326
  32.72	  0.0073952563
  32.73	  0.0083799567
  32.74	  0.0093605500
  32.75	  0.0103365574
  32.76	  0.0113074994
  32.77	  0.0122729018
  32.78	  0.0132322898
  32.79	  0.0141851949
  32.80	  0.0151311485
  32.81	  0.0160696898
  32.82	  0.0170003548
  32.83	  0.0179226920
  32.84	  0.0188362468
  32.85	  0.0197405722
  32.86	  0.0206352267
  32.87	  0.0215197690
  32.88	  0.0223937687
  32.89	  0.0232567955
  32.90	  0.0241084266
  32.91	  0.0249482468
  32.92	  0.0257758442
  32.93	  0.0265908130
  32.94	  0.0273927525
  32.95	  0.0281812716
  32.96	  0.0289559849
  32.97	  0.0297165103
  32.98	  0.0304624774
  32.99	  0.0311935190
  33.00	  0.0319092795
  33.01	  0.0326094069
  33.02	  0.0332935601
  33.03	  0.0339614004
  33.04	  0.0346126035
  33.05	  0.0352468491
  33.06	  0.0358638279
  33.07	  0.0364632383
  33.08	  0.0370447822
  33.09	  0.0376081802
  33.10	  0.0381531566
  33.11	  0.0386794396
  33.12	  0.0391867757
  33.13	  0.0396749154
  33.14	  0.0401436202
  33.15	  0.0405926593
  33.16	  0.0410218127
  33.17	  0.0414308719
  33.18	  0.0418196358
  33.19	  0.0421879143
  33.20	  0.0425355248
  33.21	  0.0428622998
  33.22	  0.0431680791
  33.23	  0.0434527136
  33.24	  0.0437160619
  33.25	  0.0439579971
  33.26	  0.0441784002
  33.27	  0.0443771631
  33.28	  0.0445541851
  33.29	  0.0447093844
  33.30	  0.0448426865
  33.31	  0.0449540205
  33.32	  0.0450433344
  33.33	  0.0451105833
  33.34	  0.0451557375
  33.35	  0.0451787710
  33.36	  0.0451796763
  33.37	  0.0451584496
  33.38	  0.0451151058
  33.39	  0.0450496599
  33.40	  0.0449621491
  33.41	  0.0448526144
  33.42	  0.0447211079
  33.43	  0.0445676930
  33.44	  0.0443924516
  33.45	  0.0441954620
  33.46	  0.0439768247
  33.47	  0.0437366478
  33.48	  0.0434750430
  33.49	  0.0431921445
  33.50	  0.0428880900
  33.51	  0.0425630249
  33.52	  0.0422171094
  33.53	  0.0418505147
  33.54	  0.0414634198
  33.55	  0.0410560109
  33.56	  0.0406284928
  33.57	  0.0401810706
  33.58	  0.0397139676
  33.59	  0.0392274074
  33.60	  0.0387216322
  33.61	  0.0381968841
  33.62	  0.0376534276
  33.63	  0.0370915271
  33.64	  0.0365114547
  33.65	  0.0359134935
  33.66	  0.0352979414
  33.67	  0.0346650928
  33.68	  0.0340152644
  33.69	  0.0333487727
  33.70	  0.0326659419
  33.71	  0.0319671072
  33.72	  0.0312526114
  33.73	  0.0305228047
  33.74	  0.0297780447
  33.75	  0.0290186945
  33.76	  0.0282451287
  33.77	  0.0274577234
  33.78	  0.0266568661
  33.79	  0.0258429479
  33.80	  0.0250163674
  33.81	  0.0241775326
  33.82	  0.0233268496
  33.83	  0.0224647392
  33.84	  0.0215916205
  33.85	  0.0207079239
  33.86	  0.0198140796
  33.87	  0.0189105291
  33.88	  0.0179977119
  33.89	  0.0170760751
  33.90	  0.0161460731
  33.91	  0.0152081596
  33.92	  0.0142627936
  33.93	  0.0133104399
  33.94	  0.0123515641
  33.95	  0.0113866366
  33.96	  0.0104161287
  33.97	  0.0094405180
  33.98	  0.0084602814
  33.99	  0.0074758986
  34.00	  0.0064878529
  34.01	  0.0054966286
  34.02	  0.0045027109
  34.03	  0.0035065864
  34.04	  0.0025087441
  34.05	  0.0015096724
  34.06	  0.0005098609
  34.07	  -0.0004902004
  34.08	  -0.0014900215
  34.09	  -0.0024891126
  34.10	  -0.0034869837
  34.11	  -0.0044831466
  34.12	  -0.0054771123
  34.13	  -0.0064683948
  34.14	  -0.0074565071
  34.15	  -0.0084409667
  34.16	  -0.0094212890
  34.17	  -0.0103969956
  34.18	  -0.0113676079
  34.19	  -0.0123326508
  34.20	  -0.0132916495
  34.21	  -0.0142441364
  34.22	  -0.0151896439
  34.23	  -0.0161277074
  34.24	  -0.0170578714
  34.25	  -0.0179796759
  34.26	  -0.0188926701
  34.27	  -0.0197964087
  34.28	  -0.0206904467
  34.29	  -0.0215743463
  34.30	  -0.0224476773
  34.31	  -0.0233100094
  34.32	  -0.0241609197
  34.33	  -0.0249999929
  34.34	  -0.0258268174
  34.35	  -0.0266409889
  34.36	  -0.0274421070
  34.37	  -0.0282297805
  34.38	  -0.0290036220
  34.39	  -0.0297632553
  34.40	  -0.0305083059
  34.41	  -0.0312384106
  34.42	  -0.0319532119
  34.43	  -0.0326523557
  34.44	  -0.0333355032
  34.45	  -0.0340023227
  34.46	  -0.0346524790
  34.47	  -0.0352856629
  34.48	  -0.0359015614
  34.49	  -0.0364998691
  34.50	  -0.0370802954
  34.51	  -0.0376425572
  34.52	  -0.0381863825
  34.53	  -0.0387114957
  34.54	  -0.0392176472
  34.55	  -0.0397045873
  34.56	  -0.0401720777
  34.57	  -0.0406198874
  34.58	  -0.0410478003
  34.59	  -0.0414556041
  34.60	  -0.0418431014
  34.61	  -0.0422100984
  34.62	  -0.0425564237
  34.63	  -0.0428818986
  34.64	  -0.0431863703
  34.65	  -0.0434696861
  34.66	  -0.0437317081
  34.67	  -0.0439723097
  34.68	  -0.0441913716
  34.69	  -0.0443887860
  34.70	  -0.0445644595
  34.71	  -0.0447183028
  34.72	  -0.0448502377
  34.73	  -0.0449602082
  34.74	  -0.0450481512
  34.75	  -0.0451140329
  34.76	  -0.0451578125
  34.77	  -0.0451794714
  34.78	  -0.0451790020
  34.79	  -0.0451564044
  34.80	  -0.0451116860
  34.81	  -0.0450448692
  34.82	  -0.0449559875
  34.83	  -0.0448450856
  34.84	  -0.0447122194
  34.85	  -0.0445574485
  34.86	  -0.0443808511
  34.87	  -0.0441825166
  34.88	  -0.0439625382
  34.89	  -0.0437210277
  34.90	  -0.0434580967
  34.91	  -0.0431738794
  34.92	  -0.0428685136
  34.93	  -0.0425421521
  34.94	  -0.0421949476
  34.95	  -0.0418270752
  34.96	  -0.0414387099
  34.97	  -0.0410300493
  34.98	  -0.0406012870
  34.99	  -0.0401526392
  35.00	  -0.0396843180
  35.01	  -0.0391965583
  35.02	  -0.0386895984
  35.03	  -0.0381636843
  35.04	  -0.0376190729
  35.05	  -0.0370560363
  35.06	  -0.0364748426
  35.07	  -0.0358757824
  35.08	  -0.0352591462
  35.09	  -0.0346252359
  35.10	  -0.0339743644
  35.11	  -0.0333068483
  35.12	  -0.0326230116
  35.13	  -0.0319231972
  35.14	  -0.0312077403
  35.15	  -0.0304769948
  35.16	  -0.0297313165
  35.17	  -0.0289710741
  35.18	  -0.0281966366
  35.19	  -0.0274083856
  35.20	  -0.0266067050
  35.21	  -0.0257919896
  35.22	  -0.0249646362
  35.23	  -0.0241250526
  35.24	  -0.0232736487
  35.25	  -0.0224108417
  35.26	  -0.0215370543
  35.27	  -0.0206527151
  35.28	  -0.0197582562
  35.29	  -0.0188541170
  35.30	  -0.0179407392
  35.31	  -0.0170185696
  35.32	  -0.0160880629
  35.33	  -0.0151496734
  35.34	  -0.0142038604
  35.35	  -0.0132510886
  35.36	  -0.0122918226
  35.37	  -0.0113265347
  35.38	  -0.0103556961
  35.39	  -0.0093797846
  35.40	  -0.0083992761
  35.41	  -0.0074146520
  35.42	  -0.0064263949
  35.43	  -0.0054349890
  35.44	  -0.0044409200
  35.45	  -0.0034446749
  35.46	  -0.0024467420
  35.47	  -0.0014476101
  35.48	  -0.0004477689
  35.49	  0.0005522917
  35.50	  0.0015520818
  35.51	  0.0025511112
  35.52	  0.0035488908
  35.53	  0.0045449310
  35.54	  0.0055387449
  35.55	  0.0065298444
  35.56	  0.0075177443
  35.57	  0.0085019600
  35.58	  0.0094820103
  35.59	  0.0104574151
  35.60	  0.0114276949
  35.61	  0.0123923756
  35.62	  0.0133509841
  35.63	  0.0143030509
  35.64	  0.0152481096
  35.65	  0.0161856972
  35.66	  0.0171153545
  35.67	  0.0180366244
  35.68	  0.0189490579
  35.69	  0.0198522061
  35.70	  0.0207456276
  35.71	  0.0216288846
  35.72	  0.0225015450
  35.73	  0.0233631786
  35.74	  0.0242133681
  35.75	  0.0250516925
  35.76	  0.0258777421
  35.77	  0.0266911145
  35.78	  0.0274914093
  35.79	  0.0282782353
  35.80	  0.0290512051
  35.81	  0.0298099443
  35.82	  0.0305540767
  35.83	  0.0312832408
  35.84	  0.0319970809
  35.85	  0.0326952413
  35.86	  0.0333773866
  35.87	  0.0340431780
  35.88	  0.0346922912
  35.89	  0.0353244096
  35.90	  0.0359392241
  35.91	  0.0365364328
  35.92	  0.0371157378
  35.93	  0.0376768634
  35.94	  0.0382195339
  35.95	  0.0387434773
  35.96	  0.0392484441
  35.97	  0.0397341810
  35.98	  0.0402004570
  35.99	  0.0406470373
  36.00	  0.0410737060
  36.01	  0.0414802581
  36.02	  0.0418664850
  36.03	  0.0422322080
  36.04	  0.0425772406
  36.05	  0.0429014191
  36.06	  0.0432045795
  36.07	  0.0434865765
  36.08	  0.0437472723
  36.09	  0.0439865403
  36.10	  0.0442042612
  36.11	  0.0444003306
  36.12	  0.0445746481
  36.13	  0.0447271317
  36.14	  0.0448577069
  36.15	  0.0449663103
  36.16	  0.0450528860
  36.17	  0.0451173931
  36.18	  0.0451598018
  36.19	  0.0451800898
  36.20	  0.0451782458
  36.21	  0.0451542698
  36.22	  0.0451081805
  36.23	  0.0450399928
  36.24	  0.0449497439
  36.25	  0.0448374748
  36.26	  0.0447032452
  36.27	  0.0445471182
  36.28	  0.0443691686
  36.29	  0.0441694856
  36.30	  0.0439481698
  36.31	  0.0437053218
  36.32	  0.0434410684
  36.33	  0.0431555361
  36.34	  0.0428488627
  36.35	  0.0425211973
  36.36	  0.0421727039
  36.37	  0.0418035537
  36.38	  0.0414139256
  36.39	  0.0410040095
  36.40	  0.0405740105
  36.41	  0.0401241295
  36.42	  0.0396545976
  36.43	  0.0391656384
  36.44	  0.0386574939
  36.45	  0.0381304100
  36.46	  0.0375846475
  36.47	  0.0370204747
  36.48	  0.0364381634
  36.49	  0.0358380042
  36.50	  0.0352202877
  36.51	  0.0345853157
  36.52	  0.0339333974
  36.53	  0.0332648605
  36.54	  0.0325800218
  36.55	  0.0318792239
  36.56	  0.0311628096
  36.57	  0.0304311253
  36.58	  0.0296845343
  36.59	  0.0289233979
  36.60	  0.0281480923
  36.61	  0.0273589958
  36.62	  0.0265564956
  36.63	  0.0257409830
  36.64	  0.0249128584
  36.65	  0.0240725297
  36.66	  0.0232204050
  36.67	  0.0223569032
  36.68	  0.0214824490
  36.69	  0.0205974672
  36.70	  0.0197023954
  36.71	  0.0187976677
  36.72	  0.0178837311
  36.73	  0.0169610325
  36.74	  0.0160300229
  36.75	  0.0150911584
  36.76	  0.0141449003
  36.77	  0.0131917112
  36.78	  0.0122320578
  36.79	  0.0112664113
  36.80	  0.0102952449
  36.81	  0.0093190325
  36.82	  0.0083382549
  36.83	  0.0073533915
  36.84	  0.0063649248
  36.85	  0.0053733396
  36.86	  0.0043791211
  36.87	  0.0033827571
  36.88	  0.0023847353
  36.89	  0.0013855451
  36.90	  0.0003856760
  36.91	  -0.0006143821
  36.92	  -0.0016141391
  36.93	  -0.0026131053
  36.94	  -0.0036107909
  36.95	  -0.0046067075
  36.96	  -0.0056003663
  36.97	  -0.0065912814
  36.98	  -0.0075789667
  36.99	  -0.0085629383
  37.00	  -0.0095427139
  37.01	  -0.0105178142
  37.02	  -0.0114877606
  37.03	  -0.0124520781
  37.04	  -0.0134102944
  37.05	  -0.0143619394
  37.06	  -0.0153065473
  37.07	  -0.0162436552
  37.08	  -0.0171728041
  37.09	  -0.0180935394
  37.10	  -0.0190054085
  37.11	  -0.0199079663
  37.12	  -0.0208007693
  37.13	  -0.0216833819
  37.14	  -0.0225553699
  37.15	  -0.0234163050
  37.16	  -0.0242657699
  37.17	  -0.0251033437
  37.18	  -0.0259286184
  37.19	  -0.0267411899
  37.20	  -0.0275406595
  37.21	  -0.0283266362
  37.22	  -0.0290987343
  37.23	  -0.0298565775
  37.24	  -0.0305997916
  37.25	  -0.0313280150
  37.26	  -0.0320408903
  37.27	  -0.0327380672
  37.28	  -0.0334192030
  37.29	  -0.0340839699
  37.30	  -0.0347320400
  37.31	  -0.0353630930
  37.32	  -0.0359768197
  37.33	  -0.0365729257
  37.34	  -0.0371511132
  37.35	  -0.0377110988
  37.36	  -0.0382526144
  37.37	  -0.0387753882
  37.38	  -0.0392791666
  37.39	  -0.0397637039
  37.40	  -0.0402287617
  37.41	  -0.0406741127
  37.42	  -0.0410995372
  37.43	  -0.0415048301
  37.44	  -0.0418897942
  37.45	  -0.0422542356
  37.46	  -0.0425979793
  37.47	  -0.0429208539
  37.48	  -0.0432227068
  37.49	  -0.0435033850
  37.50	  -0.0437627546
  37.51	  -0.0440006889
  37.52	  -0.0442170687
  37.53	  -0.0444117859
  37.54	  -0.0445847511
  37.55	  -0.0447358787
  37.56	  -0.0448650904
  37.57	  -0.0449723266
  37.58	  -0.0450575352
  37.59	  -0.0451206714
  37.60	  -0.0451617055
  37.61	  -0.0451806188
  37.62	  -0.0451774001
  37.63	  -0.0451520532
  37.64	  -0.0451045893
  37.65	  -0.0450350307
  37.66	  -0.0449434109
  37.67	  -0.0448297784
  37.68	  -0.0446941890
  37.69	  -0.0445367023
  37.70	  -0.0443574041
  37.71	  -0.0441563763
  37.72	  -0.0439337157
  37.73	  -0.0436895378
  37.74	  -0.0434239581
  37.75	  -0.0431371070
  37.76	  -0.0428291261
  37.77	  -0.0425001644
  37.78	  -0.0421503857
  37.79	  -0.0417799577
  37.80	  -0.0413890630
  37.81	  -0.0409778953
  37.82	  -0.0405466519
  37.83	  -0.0400955491
  37.84	  -0.0396248028
  37.85	  -0.0391346440
  37.86	  -0.0386253148
  37.87	  -0.0380970649
  37.88	  -0.0375501513
  37.89	  -0.0369848460
  37.90	  -0.0364014171
  37.91	  -0.0358001590
  37.92	  -0.0351813585
  37.93	  -0.0345453285
  37.94	  -0.0338923708
  37.95	  -0.0332228094
  37.96	  -0.0325369723
  37.97	  -0.0318351947
  37.98	  -0.0311178192
  37.99	  -0.0303851999
  38.00	  -0.0296376944
  38.01	  -0.0288756676
  38.02	  -0.0280994941
  38.03	  -0.0273095537
  38.04	  -0.0265062340
  38.05	  -0.0256899279
  38.06	  -0.0248610340
  38.07	  -0.0240199603
  38.08	  -0.0231671166
  38.09	  -0.0223029237
  38.10	  -0.0214278009
  38.11	  -0.0205421820
  38.12	  -0.0196464974
  38.13	  -0.0187411848
  38.14	  -0.0178266913
  38.15	  -0.0169034638
  38.16	  -0.0159719530
  38.17	  -0.0150326155
  38.18	  -0.0140859131
  38.19	  -0.0131323095
  38.20	  -0.0121722706
  38.21	  -0.0112062674
  38.22	  -0.0102347732
  38.23	  -0.0092582637
  38.24	  -0.0082772188
  38.25	  -0.0072921175
  38.26	  -0.0063034426
  38.27	  -0.0053116796
  38.28	  -0.0043173139
  38.29	  -0.0033208327
  38.30	  -0.0023227241
  38.31	  -0.0013234776
  38.32	  -0.0003235825
  38.33	  0.0006764712
  38.34	  0.0016761934
  38.35	  0.0026750942
  38.36	  0.0036726843
  38.37	  0.0046684747
  38.38	  0.0056619779
  38.39	  0.0066527063
  38.40	  0.0076401751
  38.41	  0.0086238999
  38.42	  0.0096033998
  38.43	  0.0105781937
  38.44	  0.0115478039
  38.45	  0.0125117563
  38.46	  0.0134695787
  38.47	  0.0144207999
  38.48	  0.0153649561
  38.49	  0.0163015835
  38.50	  0.0172302239
  38.51	  0.0181504209
  38.52	  0.0190617256
  38.53	  0.0199636891
  38.54	  0.0208558738
  38.55	  0.0217378382
  38.56	  0.0226091519
  38.57	  0.0234693866
  38.58	  0.0243181251
  38.59	  0.0251549482
  38.60	  0.0259794462
  38.61	  0.0267912149
  38.62	  0.0275898576
  38.63	  0.0283749849
  38.64	  0.0291462075
  38.65	  0.0299031530
  38.66	  0.0306454469
  38.67	  0.0313727260
  38.68	  0.0320846364
  38.69	  0.0327808298
  38.70	  0.0334609598
  38.71	  0.0341246985
  38.72	  0.0347717218
  38.73	  0.0354017057
  38.74	  0.0360143483
  38.75	  0.0366093479
  38.76	  0.0371864140
  38.77	  0.0377452634
  38.78	  0.0382856205
  38.79	  0.0388072208
  38.80	  0.0393098146
  38.81	  0.0397931486
  38.82	  0.0402569883
  38.83	  0.0407011099
  38.84	  0.0411252901
  38.85	  0.0415293276
  38.86	  0.0419130214
  38.87	  0.0422761813
  38.88	  0.0426186360
  38.89	  0.0429402106
  38.90	  0.0432407521
  38.91	  0.0435201116
  38.92	  0.0437781550
  38.93	  0.0440147519
  38.94	  0.0442297906
  38.95	  0.0444231592
  38.96	  0.0445947722
  38.97	  0.0447445400
  38.98	  0.0448723882
  38.99	  0.0449782610
  39.00	  0.0450620987
  39.01	  0.0451238602
  39.02	  0.0451635234
  39.03	  0.0451810621
  39.04	  0.0451764688
  39.05	  0.0451497510
  39.06	  0.0451009125
  39.07	  0.0450299829
  39.08	  0.0449369960
  39.09	  0.0448220000
  39.10	  0.0446850471
  39.11	  0.0445262045
  39.12	  0.0443455540
  39.13	  0.0441431776
  39.14	  0.0439191796
  39.15	  0.0436736681
  39.16	  0.0434067659
  39.17	  0.0431185998
  39.18	  0.0428093113
  39.19	  0.0424790494
  39.20	  0.0421279855
  39.21	  0.0417562798
  39.22	  0.0413641222
  39.23	  0.0409517027
  39.24	  0.0405192189
  39.25	  0.0400668867
  39.26	  0.0395949297
  39.27	  0.0391035751
  39.28	  0.0385930650
  39.29	  0.0380636491
  39.30	  0.0375155844
  39.31	  0.0369491428
  39.32	  0.0363646001
  39.33	  0.0357622430
  39.34	  0.0351423658
  39.35	  0.0345052741
  39.36	  0.0338512771
  39.37	  0.0331806950
  39.38	  0.0324938595
  39.39	  0.0317911021
  39.40	  0.0310727712
  39.41	  0.0303392168
  39.42	  0.0295907985
  39.43	  0.0288278833
  39.44	  0.0280508436
  39.45	  0.0272600614
  39.46	  0.0264559239
  39.47	  0.0256388225
  39.48	  0.0248091612
  39.49	  0.0239673443
  39.50	  0.0231137853
  39.51	  0.0222488996
  39.52	  0.0213731136
  39.53	  0.0204868559
  39.54	  0.0195905603
  39.55	  0.0186846666
  39.56	  0.0177696180
  39.57	  0.0168458614
  39.58	  0.0159138516
  39.59	  0.0149740446
  39.60	  0.0140268998
  39.61	  0.0130728828
  39.62	  0.0121124601
  39.63	  0.0111461021
  39.64	  0.0101742828
  39.65	  0.0091974782
  39.66	  0.0082161659
  39.67	  0.0072308290
  39.68	  0.0062419488
  39.69	  0.0052500102
  39.70	  0.0042554988
  39.71	  0.0032589021
  39.72	  0.0022607087
  39.73	  0.0012614075
  39.74	  0.0002614883
  39.75	  -0.0007385591
  39.76	  -0.0017382446
  39.77	  -0.0027370784
  39.78	  -0.0037345709
  39.79	  -0.0047302335
  39.80	  -0.0057235784
  39.81	  -0.0067141186
  39.82	  -0.0077013690
  39.83	  -0.0086848456
  39.84	  -0.0096640671
  39.85	  -0.0106385527
  39.86	  -0.0116078258
  39.87	  -0.0125714112
  39.88	  -0.0135288369
  39.89	  -0.0144796334
  39.90	  -0.0154233351
  39.91	  -0.0163594801
  39.92	  -0.0172876101
  39.93	  -0.0182072669
  39.94	  -0.0191180054
  39.95	  -0.0200193748
  39.96	  -0.0209109373
  39.97	  -0.0217922516
  39.98	  -0.0226628911
  39.99	  -0.0235224254
  40.00	  -0.0243704338
