  0.01	  -0.0009900498
  0.02	  -0.0019697656
  0.03	  -0.0029387728
  0.04	  -0.0038967051
  0.05	  -0.0048432061
  0.06	  -0.0057779276
  0.07	  -0.0067005316
  0.08	  -0.0076106885
  0.09	  -0.0085080788
  0.10	  -0.0093923910
  0.11	  -0.0102633247
  0.12	  -0.0111205895
  0.13	  -0.0119639020
  0.14	  -0.0127929905
  0.15	  -0.0136075923
  0.16	  -0.0144074541
  0.17	  -0.0151923327
  0.18	  -0.0159619953
  0.19	  -0.0167162176
  0.20	  -0.0174547844
  0.21	  -0.0181774925
  0.22	  -0.0188841484
  0.23	  -0.0195745658
  0.24	  -0.0202485695
  0.25	  -0.0209059976
  0.26	  -0.0215466898
  0.27	  -0.0221705027
  0.28	  -0.0227773003
  0.29	  -0.0233669560
  0.30	  -0.0239393525
  0.31	  -0.0244943835
  0.32	  -0.0250319503
  0.33	  -0.0255519636
  0.34	  -0.0260543469
  0.35	  -0.0265390314
  0.36	  -0.0270059537
  0.37	  -0.0274550635
  0.38	  -0.0278863218
  0.39	  -0.0282996949
  0.40	  -0.0286951587
  0.41	  -0.0290726982
  0.42	  -0.0294323098
  0.43	  -0.0297739934
  0.44	  -0.0300977640
  0.45	  -0.0304036420
  0.46	  -0.0306916535
  0.47	  -0.0309618376
  0.48	  -0.0312142409
  0.49	  -0.0314489156
  0.50	  -0.0316659249
  0.51	  -0.0318653397
  0.52	  -0.0320472345
  0.53	  -0.0322116986
  0.54	  -0.0323588252
  0.55	  -0.0324887112
  0.56	  -0.0326014683
  0.57	  -0.0326972120
  0.58	  -0.0327760614
  0.59	  -0.0328381509
  0.60	  -0.0328836180
  0.61	  -0.0329125971
  0.62	  -0.0329252481
  0.63	  -0.0329217240
  0.64	  -0.0329021849
  0.65	  -0.0328667983
  0.66	  -0.0328157470
  0.67	  -0.0327492021
  0.68	  -0.0326673612
  0.69	  -0.0325704068
  0.70	  -0.0324585401
  0.71	  -0.0323319621
  0.72	  -0.0321908854
  0.73	  -0.0320355184
  0.74	  -0.0318660811
  0.75	  -0.0316827968
  0.76	  -0.0314858928
  0.77	  -0.0312755965
  0.78	  -0.0310521498
  0.79	  -0.0308157876
  0.80	  -0.0305667538
  0.81	  -0.0303052980
  0.82	  -0.0300316717
  0.83	  -0.0297461264
  0.84	  -0.0294489227
  0.85	  -0.0291403197
  0.86	  -0.0288205817
  0.87	  -0.0284899771
  0.88	  -0.0281487722
  0.89	  -0.0277972389
  0.90	  -0.0274356529
  0.91	  -0.0270642918
  0.92	  -0.0266834311
  0.93	  -0.0262933504
  0.94	  -0.0258943345
  0.95	  -0.0254866648
  0.96	  -0.0250706282
  0.97	  -0.0246465076
  0.98	  -0.0242145918
  0.99	  -0.0237751696
  1.00	  -0.0233285278
  1.01	  -0.0228749588
  1.02	  -0.0224147495
  1.03	  -0.0219481923
  1.04	  -0.0214755777
  1.05	  -0.0209971964
  1.06	  -0.0205133371
  1.07	  -0.0200242922
  1.08	  -0.0195303522
  1.09	  -0.0190318041
  1.10	  -0.0185289383
  1.11	  -0.0180220436
  1.12	  -0.0175114051
  1.13	  -0.0169973113
  1.14	  -0.0164800454
  1.15	  -0.0159598924
  1.16	  -0.0154371336
  1.17	  -0.0149120502
  1.18	  -0.0143849207
  1.19	  -0.0138560245
  1.20	  -0.0133256344
  1.21	  -0.0127940252
  1.22	  -0.0122614680
  1.23	  -0.0117282318
  1.24	  -0.0111945840
  1.25	  -0.0106607871
  1.26	  -0.0101271048
  1.27	  -0.0095937951
  1.28	  -0.0090611149
  1.29	  -0.0085293166
  1.30	  -0.0079986518
  1.31	  -0.0074693672
  1.32	  -0.0069417078
  1.33	  -0.0064159138
  1.34	  -0.0058922237
  1.35	  -0.0053708716
  1.36	  -0.0048520886
  1.37	  -0.0043361019
  1.38	  -0.0038231350
  1.39	  -0.0033134087
  1.40	  -0.0028071385
  1.41	  -0.0023045375
  1.42	  -0.0018058136
  1.43	  -0.0013111718
  1.44	  -0.0008208126
  1.45	  -0.0003349323
  1.46	  0.0001462766
  1.47	  0.0006226260
  1.48	  0.0010939322
  1.49	  0.0015600153
  1.50	  0.0020207001
  1.51	  0.0024758161
  1.52	  0.0029251962
  1.53	  0.0033686785
  1.54	  0.0038061060
  1.55	  0.0042373249
  1.56	  0.0046621873
  1.57	  0.0050805495
  1.58	  0.0054922714
  1.59	  0.0058972188
  1.60	  0.0062952619
  1.61	  0.0066862749
  1.62	  0.0070701377
  1.63	  0.0074467333
  1.64	  0.0078159515
  1.65	  0.0081776846
  1.66	  0.0085318321
  1.67	  0.0088782953
  1.68	  0.0092169829
  1.69	  0.0095478073
  1.70	  0.0098706838
  1.71	  0.0101855360
  1.72	  0.0104922885
  1.73	  0.0107908743
  1.74	  0.0110812271
  1.75	  0.0113632884
  1.76	  0.0116370032
  1.77	  0.0119023211
  1.78	  0.0121591957
  1.79	  0.0124075860
  1.80	  0.0126474556
  1.81	  0.0128787728
  1.82	  0.0131015088
  1.83	  0.0133156413
  1.84	  0.0135211507
  1.85	  0.0137180239
  1.86	  0.0139062498
  1.87	  0.0140858227
  1.88	  0.0142567409
  1.89	  0.0144190080
  1.90	  0.0145726316
  1.91	  0.0147176208
  1.92	  0.0148539925
  1.93	  0.0149817644
  1.94	  0.0151009616
  1.95	  0.0152116101
  1.96	  0.0153137418
  1.97	  0.0154073909
  1.98	  0.0154925967
  1.99	  0.0155694010
  2.00	  0.0156378504
  2.01	  0.0156979952
  2.02	  0.0157498885
  2.03	  0.0157935861
  2.04	  0.0158291478
  2.05	  0.0158566404
  2.06	  0.0158761274
  2.07	  0.0158876814
  2.08	  0.0158913750
  2.09	  0.0158872828
  2.10	  0.0158754867
  2.11	  0.0158560667
  2.12	  0.0158291105
  2.13	  0.0157947056
  2.14	  0.0157529414
  2.15	  0.0157039128
  2.16	  0.0156477168
  2.17	  0.0155844502
  2.18	  0.0155142155
  2.19	  0.0154371159
  2.20	  0.0153532568
  2.21	  0.0152627481
  2.22	  0.0151656978
  2.23	  0.0150622195
  2.24	  0.0149524268
  2.25	  0.0148364371
  2.26	  0.0147143686
  2.27	  0.0145863406
  2.28	  0.0144524751
  2.29	  0.0143128950
  2.30	  0.0141677260
  2.31	  0.0140170949
  2.32	  0.0138611272
  2.33	  0.0136999544
  2.34	  0.0135337058
  2.35	  0.0133625139
  2.36	  0.0131865097
  2.37	  0.0130058276
  2.38	  0.0128206033
  2.39	  0.0126309711
  2.40	  0.0124370670
  2.41	  0.0122390296
  2.42	  0.0120369950
  2.43	  0.0118311020
  2.44	  0.0116214901
  2.45	  0.0114082973
  2.46	  0.0111916643
  2.47	  0.0109717296
  2.48	  0.0107486350
  2.49	  0.0105225192
  2.50	  0.0102935228
  2.51	  0.0100617874
  2.52	  0.0098274518
  2.53	  0.0095906556
  2.54	  0.0093515404
  2.55	  0.0091102449
  2.56	  0.0088669090
  2.57	  0.0086216712
  2.58	  0.0083746696
  2.59	  0.0081260428
  2.60	  0.0078759287
  2.61	  0.0076244627
  2.62	  0.0073717819
  2.63	  0.0071180207
  2.64	  0.0068633147
  2.65	  0.0066077965
  2.66	  0.0063515990
  2.67	  0.0060948539
  2.68	  0.0058376924
  2.69	  0.0055802432
  2.70	  0.0053226352
  2.71	  0.0050649950
  2.72	  0.0048074489
  2.73	  0.0045501222
  2.74	  0.0042931368
  2.75	  0.0040366156
  2.76	  0.0037806791
  2.77	  0.0035254455
  2.78	  0.0032710328
  2.79	  0.0030175569
  2.80	  0.0027651316
  2.81	  0.0025138701
  2.82	  0.0022638831
  2.83	  0.0020152796
  2.84	  0.0017681672
  2.85	  0.0015226516
  2.86	  0.0012788366
  2.87	  0.0010368241
  2.88	  0.0007967141
  2.89	  0.0005586048
  2.90	  0.0003225925
  2.91	  0.0000887712
  2.92	  -0.0001427667
  2.93	  -0.0003719312
  2.94	  -0.0005986341
  2.95	  -0.0008227894
  2.96	  -0.0010443132
  2.97	  -0.0012631236
  2.98	  -0.0014791408
  2.99	  -0.0016922875
  3.00	  -0.0019024883
  3.01	  -0.0021096698
  3.02	  -0.0023137615
  3.03	  -0.0025146941
  3.04	  -0.0027124016
  3.05	  -0.0029068191
  3.06	  -0.0030978851
  3.07	  -0.0032855393
  3.08	  -0.0034697247
  3.09	  -0.0036503854
  3.10	  -0.0038274690
  3.11	  -0.0040009241
  3.12	  -0.0041707032
  3.13	  -0.0043367590
  3.14	  -0.0044990485
  3.15	  -0.0046575293
  3.16	  -0.0048121624
  3.17	  -0.0049629104
  3.18	  -0.0051097395
  3.19	  -0.0052526155
  3.20	  -0.0053915093
  3.21	  -0.0055263927
  3.22	  -0.0056572394
  3.23	  -0.0057840254
  3.24	  -0.0059067304
  3.25	  -0.0060253344
  3.26	  -0.0061398204
  3.27	  -0.0062501743
  3.28	  -0.0063563823
  3.29	  -0.0064584347
  3.30	  -0.0065563228
  3.31	  -0.0066500399
  3.32	  -0.0067395829
  3.33	  -0.0068249488
  3.34	  -0.0069061373
  3.35	  -0.0069831512
  3.36	  -0.0070559941
  3.37	  -0.0071246722
  3.38	  -0.0071891933
  3.39	  -0.0072495672
  3.40	  -0.0073058056
  3.41	  -0.0073579228
  3.42	  -0.0074059335
  3.43	  -0.0074498560
  3.44	  -0.0074897096
  3.45	  -0.0075255148
  3.46	  -0.0075572943
  3.47	  -0.0075850734
  3.48	  -0.0076088780
  3.49	  -0.0076287356
  3.50	  -0.0076446766
  3.51	  -0.0076567316
  3.52	  -0.0076649333
  3.53	  -0.0076693171
  3.54	  -0.0076699173
  3.55	  -0.0076667727
  3.56	  -0.0076599210
  3.57	  -0.0076494031
  3.58	  -0.0076352600
  3.59	  -0.0076175351
  3.60	  -0.0075962730
  3.61	  -0.0075715184
  3.62	  -0.0075433189
  3.63	  -0.0075117224
  3.64	  -0.0074767778
  3.65	  -0.0074385353
  3.66	  -0.0073970468
  3.67	  -0.0073523647
  3.68	  -0.0073045427
  3.69	  -0.0072536352
  3.70	  -0.0071996977
  3.71	  -0.0071427864
  3.72	  -0.0070829587
  3.73	  -0.0070202732
  3.74	  -0.0069547892
  3.75	  -0.0068865651
  3.76	  -0.0068156626
  3.77	  -0.0067421431
  3.78	  -0.0066660675
  3.79	  -0.0065874988
  3.80	  -0.0065065003
  3.81	  -0.0064231353
  3.82	  -0.0063374680
  3.83	  -0.0062495638
  3.84	  -0.0061594867
  3.85	  -0.0060673030
  3.86	  -0.0059730783
  3.87	  -0.0058768792
  3.88	  -0.0057787718
  3.89	  -0.0056788237
  3.90	  -0.0055771009
  3.91	  -0.0054736710
  3.92	  -0.0053686015
  3.93	  -0.0052619604
  3.94	  -0.0051538143
  3.95	  -0.0050442321
  3.96	  -0.0049332809
  3.97	  -0.0048210281
  3.98	  -0.0047075418
  3.99	  -0.0045928895
  4.00	  -0.0044771391
  4.01	  -0.0043603573
  4.02	  -0.0042426116
  4.03	  -0.0041239690
  4.04	  -0.0040044961
  4.05	  -0.0038842596
  4.06	  -0.0037633260
  4.07	  -0.0036417607
  4.08	  -0.0035196294
  4.09	  -0.0033969972
  4.10	  -0.0032739292
  4.11	  -0.0031504894
  4.12	  -0.0030267420
  4.13	  -0.0029027499
  4.14	  -0.0027785767
  4.15	  -0.0026542840
  4.16	  -0.0025299340
  4.17	  -0.0024055880
  4.18	  -0.0022813063
  4.19	  -0.0021571489
  4.20	  -0.0020331752
  4.21	  -0.0019094439
  4.22	  -0.0017860127
  4.23	  -0.0016629389
  4.24	  -0.0015402788
  4.25	  -0.0014180883
  4.26	  -0.0012964223
  4.27	  -0.0011753348
  4.28	  -0.0010548792
  4.29	  -0.0009351076
  4.30	  -0.0008160720
  4.31	  -0.0006978230
  4.32	  -0.0005804103
  4.33	  -0.0004638829
  4.34	  -0.0003482888
  4.35	  -0.0002336751
  4.36	  -0.0001200879
  4.37	  -0.0000075724
  4.38	  0.0001038273
  4.39	  0.0002140678
  4.40	  0.0003231071
  4.41	  0.0004309039
  4.42	  0.0005374180
  4.43	  0.0006426102
  4.44	  0.0007464425
  4.45	  0.0008488777
  4.46	  0.0009498796
  4.47	  0.0010494136
  4.48	  0.0011474454
  4.49	  0.0012439424
  4.50	  0.0013388727
  4.51	  0.0014322057
  4.52	  0.0015239116
  4.53	  0.0016139621
  4.54	  0.0017023297
  4.55	  0.0017889880
  4.56	  0.0018739118
  4.57	  0.0019570771
  4.58	  0.0020384605
  4.59	  0.0021180403
  4.60	  0.0021957955
  4.61	  0.0022717067
  4.62	  0.0023457548
  4.63	  0.0024179225
  4.64	  0.0024881931
  4.65	  0.0025565515
  4.66	  0.0026229830
  4.67	  0.0026874749
  4.68	  0.0027500147
  4.69	  0.0028105914
  4.70	  0.0028691951
  4.71	  0.0029258167
  4.72	  0.0029804485
  4.73	  0.0030330834
  4.74	  0.0030837159
  4.75	  0.0031323412
  4.76	  0.0031789553
  4.77	  0.0032235556
  4.78	  0.0032661406
  4.79	  0.0033067095
  4.80	  0.0033452623
  4.81	  0.0033818006
  4.82	  0.0034163266
  4.83	  0.0034488433
  4.84	  0.0034793550
  4.85	  0.0035078668
  4.86	  0.0035343843
  4.87	  0.0035589151
  4.88	  0.0035814664
  4.89	  0.0036020472
  4.90	  0.0036206672
  4.91	  0.0036373364
  4.92	  0.0036520665
  4.93	  0.0036648693
  4.94	  0.0036757579
  4.95	  0.0036847461
  4.96	  0.0036918484
  4.97	  0.0036970798
  4.98	  0.0037004568
  4.99	  0.0037019958
  5.00	  0.0037017148
  5.01	  0.0036996319
  5.02	  0.0036957657
  5.03	  0.0036901361
  5.04	  0.0036827635
  5.05	  0.0036736685
  5.06	  0.0036628731
  5.07	  0.0036503992
  5.08	  0.0036362696
  5.09	  0.0036205077
  5.10	  0.0036031373
  5.11	  0.0035841833
  5.12	  0.0035636702
  5.13	  0.0035416237
  5.14	  0.0035180699
  5.15	  0.0034930352
  5.16	  0.0034665465
  5.17	  0.0034386313
  5.18	  0.0034093175
  5.19	  0.0033786329
  5.20	  0.0033466064
  5.21	  0.0033132669
  5.22	  0.0032786438
  5.23	  0.0032427667
  5.24	  0.0032056654
  5.25	  0.0031673703
  5.26	  0.0031279123
  5.27	  0.0030873215
  5.28	  0.0030456297
  5.29	  0.0030028676
  5.30	  0.0029590670
  5.31	  0.0029142594
  5.32	  0.0028684768
  5.33	  0.0028217514
  5.34	  0.0027741150
  5.35	  0.0027256000
  5.36	  0.0026762390
  5.37	  0.0026260642
  5.38	  0.0025751083
  5.39	  0.0025234041
  5.40	  0.0024709839
  5.41	  0.0024178806
  5.42	  0.0023641267
  5.43	  0.0023097552
  5.44	  0.0022547985
  5.45	  0.0021992894
  5.46	  0.0021432603
  5.47	  0.0020867437
  5.48	  0.0020297719
  5.49	  0.0019723775
  5.50	  0.0019145926
  5.51	  0.0018564492
  5.52	  0.0017979791
  5.53	  0.0017392142
  5.54	  0.0016801861
  5.55	  0.0016209262
  5.56	  0.0015614656
  5.57	  0.0015018353
  5.58	  0.0014420662
  5.59	  0.0013821886
  5.60	  0.0013222330
  5.61	  0.0012622293
  5.62	  0.0012022072
  5.63	  0.0011421962
  5.64	  0.0010822255
  5.65	  0.0010223238
  5.66	  0.0009625197
  5.67	  0.0009028414
  5.68	  0.0008433168
  5.69	  0.0007839733
  5.70	  0.0007248379
  5.71	  0.0006659377
  5.72	  0.0006072987
  5.73	  0.0005489473
  5.74	  0.0004909087
  5.75	  0.0004332083
  5.76	  0.0003758708
  5.77	  0.0003189206
  5.78	  0.0002623816
  5.79	  0.0002062772
  5.80	  0.0001506305
  5.81	  0.0000954640
  5.82	  0.0000407999
  5.83	  -0.0000133401
  5.84	  -0.0000669349
  5.85	  -0.0001199639
  5.86	  -0.0001724066
  5.87	  -0.0002242435
  5.88	  -0.0002754553
  5.89	  -0.0003260232
  5.90	  -0.0003759290
  5.91	  -0.0004251550
  5.92	  -0.0004736838
  5.93	  -0.0005214988
  5.94	  -0.0005685838
  5.95	  -0.0006149230
  5.96	  -0.0006605014
  5.97	  -0.0007053042
  5.98	  -0.0007493173
  5.99	  -0.0007925272
  6.00	  -0.0008349207
  6.01	  -0.0008764853
  6.02	  -0.0009172090
  6.03	  -0.0009570803
  6.04	  -0.0009960883
  6.05	  -0.0010342224
  6.06	  -0.0010714729
  6.07	  -0.0011078302
  6.08	  -0.0011432858
  6.09	  -0.0011778311
  6.10	  -0.0012114584
  6.11	  -0.0012441603
  6.12	  -0.0012759304
  6.13	  -0.0013067623
  6.14	  -0.0013366502
  6.15	  -0.0013655891
  6.16	  -0.0013935742
  6.17	  -0.0014206014
  6.18	  -0.0014466670
  6.19	  -0.0014717680
  6.20	  -0.0014959016
  6.21	  -0.0015190657
  6.22	  -0.0015412588
  6.23	  -0.0015624795
  6.24	  -0.0015827273
  6.25	  -0.0016020020
  6.26	  -0.0016203037
  6.27	  -0.0016376334
  6.28	  -0.0016539923
  6.29	  -0.0016693820
  6.30	  -0.0016838046
  6.31	  -0.0016972626
  6.32	  -0.0017097594
  6.33	  -0.0017212981
  6.34	  -0.0017318828
  6.35	  -0.0017415178
  6.36	  -0.0017502079
  6.37	  -0.0017579581
  6.38	  -0.0017647741
  6.39	  -0.0017706619
  6.40	  -0.0017756277
  6.41	  -0.0017796785
  6.42	  -0.0017828213
  6.43	  -0.0017850635
  6.44	  -0.0017864131
  6.45	  -0.0017868783
  6.46	  -0.0017864677
  6.47	  -0.0017851902
  6.48	  -0.0017830550
  6.49	  -0.0017800716
  6.50	  -0.0017762502
  6.51	  -0.0017716007
  6.52	  -0.0017661337
  6.53	  -0.0017598600
  6.54	  -0.0017527906
  6.55	  -0.0017449372
  6.56	  -0.0017363110
  6.57	  -0.0017269241
  6.58	  -0.0017167886
  6.59	  -0.0017059171
  6.60	  -0.0016943219
  6.61	  -0.0016820160
  6.62	  -0.0016690124
  6.63	  -0.0016553246
  6.64	  -0.0016409658
  6.65	  -0.0016259499
  6.66	  -0.0016102906
  6.67	  -0.0015940020
  6.68	  -0.0015770984
  6.69	  -0.0015595939
  6.70	  -0.0015415034
  6.71	  -0.0015228413
  6.72	  -0.0015036223
  6.73	  -0.0014838615
  6.74	  -0.0014635738
  6.75	  -0.0014427744
  6.76	  -0.0014214786
  6.77	  -0.0013997016
  6.78	  -0.0013774588
  6.79	  -0.0013547658
  6.80	  -0.0013316381
  6.81	  -0.0013080912
  6.82	  -0.0012841409
  6.83	  -0.0012598027
  6.84	  -0.0012350926
  6.85	  -0.0012100261
  6.86	  -0.0011846191
  6.87	  -0.0011588873
  6.88	  -0.0011328466
  6.89	  -0.0011065126
  6.90	  -0.0010799011
  6.91	  -0.0010530279
  6.92	  -0.0010259087
  6.93	  -0.0009985593
  6.94	  -0.0009709950
  6.95	  -0.0009432316
  6.96	  -0.0009152846
  6.97	  -0.0008871694
  6.98	  -0.0008589014
  6.99	  -0.0008304959
  7.00	  -0.0008019682
  7.01	  -0.0007733332
  7.02	  -0.0007446063
  7.03	  -0.0007158020
  7.04	  -0.0006869354
  7.05	  -0.0006580211
  7.06	  -0.0006290737
  7.07	  -0.0006001076
  7.08	  -0.0005711371
  7.09	  -0.0005421765
  7.10	  -0.0005132396
  7.11	  -0.0004843405
  7.12	  -0.0004554928
  7.13	  -0.0004267100
  7.14	  -0.0003980056
  7.15	  -0.0003693928
  7.16	  -0.0003408845
  7.17	  -0.0003124937
  7.18	  -0.0002842331
  7.19	  -0.0002561150
  7.20	  -0.0002281519
  7.21	  -0.0002003558
  7.22	  -0.0001727386
  7.23	  -0.0001453120
  7.24	  -0.0001180874
  7.25	  -0.0000910761
  7.26	  -0.0000642892
  7.27	  -0.0000377375
  7.28	  -0.0000114316
  7.29	  0.0000146182
  7.30	  0.0000404016
  7.31	  0.0000659087
  7.32	  0.0000911300
  7.33	  0.0001160558
  7.34	  0.0001406770
  7.35	  0.0001649847
  7.36	  0.0001889701
  7.37	  0.0002126246
  7.38	  0.0002359401
  7.39	  0.0002589086
  7.40	  0.0002815224
  7.41	  0.0003037738
  7.42	  0.0003256557
  7.43	  0.0003471612
  7.44	  0.0003682834
  7.45	  0.0003890158
  7.46	  0.0004093523
  7.47	  0.0004292869
  7.48	  0.0004488137
  7.49	  0.0004679275
  7.50	  0.0004866230
  7.51	  0.0005048952
  7.52	  0.0005227394
  7.53	  0.0005401511
  7.54	  0.0005571263
  7.55	  0.0005736609
  7.56	  0.0005897513
  7.57	  0.0006053941
  7.58	  0.0006205861
  7.59	  0.0006353243
  7.60	  0.0006496061
  7.61	  0.0006634291
  7.62	  0.0006767911
  7.63	  0.0006896902
  7.64	  0.0007021246
  7.65	  0.0007140930
  7.66	  0.0007255941
  7.67	  0.0007366271
  7.68	  0.0007471911
  7.69	  0.0007572857
  7.70	  0.0007669106
  7.71	  0.0007760659
  7.72	  0.0007847516
  7.73	  0.0007929684
  7.74	  0.0008007167
  7.75	  0.0008079976
  7.76	  0.0008148121
  7.77	  0.0008211615
  7.78	  0.0008270473
  7.79	  0.0008324714
  7.80	  0.0008374356
  7.81	  0.0008419422
  7.82	  0.0008459933
  7.83	  0.0008495917
  7.84	  0.0008527401
  7.85	  0.0008554414
  7.86	  0.0008576987
  7.87	  0.0008595154
  7.88	  0.0008608950
  7.89	  0.0008618410
  7.90	  0.0008623575
  7.91	  0.0008624484
  7.92	  0.0008621179
  7.93	  0.0008613704
  7.94	  0.0008602103
  7.95	  0.0008586423
  7.96	  0.0008566714
  7.97	  0.0008543023
  7.98	  0.0008515404
  7.99	  0.0008483907
  8.00	  0.0008448587
  8.01	  0.0008409499
  8.02	  0.0008366700
  8.03	  0.0008320248
  8.04	  0.0008270202
  8.05	  0.0008216621
  8.06	  0.0008159568
  8.07	  0.0008099104
  8.08	  0.0008035292
  8.09	  0.0007968198
  8.10	  0.0007897887
  8.11	  0.0007824425
  8.12	  0.0007747878
  8.13	  0.0007668316
  8.14	  0.0007585806
  8.15	  0.0007500420
  8.16	  0.0007412225
  8.17	  0.0007321295
  8.18	  0.0007227700
  8.19	  0.0007131512
  8.20	  0.0007032804
  8.21	  0.0006931649
  8.22	  0.0006828122
  8.23	  0.0006722296
  8.24	  0.0006614244
  8.25	  0.0006504044
  8.26	  0.0006391768
  8.27	  0.0006277494
  8.28	  0.0006161295
  8.29	  0.0006043250
  8.30	  0.0005923432
  8.31	  0.0005801918
  8.32	  0.0005678785
  8.33	  0.0005554109
  8.34	  0.0005427964
  8.35	  0.0005300429
  8.36	  0.0005171578
  8.37	  0.0005041488
  8.38	  0.0004910235
  8.39	  0.0004777893
  8.40	  0.0004644539
  8.41	  0.0004510247
  8.42	  0.0004375093
  8.43	  0.0004239150
  8.44	  0.0004102493
  8.45	  0.0003965195
  8.46	  0.0003827331
  8.47	  0.0003688972
  8.48	  0.0003550191
  8.49	  0.0003411060
  8.50	  0.0003271651
  8.51	  0.0003132033
  8.52	  0.0002992278
  8.53	  0.0002852454
  8.54	  0.0002712632
  8.55	  0.0002572877
  8.56	  0.0002433259
  8.57	  0.0002293844
  8.58	  0.0002154697
  8.59	  0.0002015885
  8.60	  0.0001877471
  8.61	  0.0001739519
  8.62	  0.0001602091
  8.63	  0.0001465250
  8.64	  0.0001329056
  8.65	  0.0001193569
  8.66	  0.0001058848
  8.67	  0.0000924952
  8.68	  0.0000791936
  8.69	  0.0000659859
  8.70	  0.0000528774
  8.71	  0.0000398735
  8.72	  0.0000269796
  8.73	  0.0000142008
  8.74	  0.0000015422
  8.75	  -0.0000109911
  8.76	  -0.0000233944
  8.77	  -0.0000356628
  8.78	  -0.0000477918
  8.79	  -0.0000597768
  8.80	  -0.0000716134
  8.81	  -0.0000832974
  8.82	  -0.0000948244
  8.83	  -0.0001061905
  8.84	  -0.0001173918
  8.85	  -0.0001284243
  8.86	  -0.0001392845
  8.87	  -0.0001499687
  8.88	  -0.0001604734
  8.89	  -0.0001707954
  8.90	  -0.0001809315
  8.91	  -0.0001908784
  8.92	  -0.0002006333
  8.93	  -0.0002101933
  8.94	  -0.0002195558
  8.95	  -0.0002287180
  8.96	  -0.0002376775
  8.97	  -0.0002464320
  8.98	  -0.0002549793
  8.99	  -0.0002633172
  9.00	  -0.0002714437
  9.01	  -0.0002793570
  9.02	  -0.0002870554
  9.03	  -0.0002945373
  9.04	  -0.0003018010
  9.05	  -0.0003088454
  9.06	  -0.0003156691
  9.07	  -0.0003222710
  9.08	  -0.0003286500
  9.09	  -0.0003348054
  9.10	  -0.0003407363
  9.11	  -0.0003464420
  9.12	  -0.0003519220
  9.13	  -0.0003571760
  9.14	  -0.0003622035
  9.15	  -0.0003670044
  9.16	  -0.0003715786
  9.17	  -0.0003759261
  9.18	  -0.0003800471
  9.19	  -0.0003839417
  9.20	  -0.0003876105
  9.21	  -0.0003910537
  9.22	  -0.0003942720
  9.23	  -0.0003972661
  9.24	  -0.0004000366
  9.25	  -0.0004025846
  9.26	  -0.0004049109
  9.27	  -0.0004070167
  9.28	  -0.0004089031
  9.29	  -0.0004105713
  9.30	  -0.0004120228
  9.31	  -0.0004132589
  9.32	  -0.0004142812
  9.33	  -0.0004150914
  9.34	  -0.0004156912
  9.35	  -0.0004160823
  9.36	  -0.0004162666
  9.37	  -0.0004162462
  9.38	  -0.0004160230
  9.39	  -0.0004155992
  9.40	  -0.0004149770
  9.41	  -0.0004141587
  9.42	  -0.0004131465
  9.43	  -0.0004119430
  9.44	  -0.0004105507
  9.45	  -0.0004089720
  9.46	  -0.0004072096
  9.47	  -0.0004052663
  9.48	  -0.0004031447
  9.49	  -0.0004008476
  9.50	  -0.0003983780
  9.51	  -0.0003957387
  9.52	  -0.0003929327
  9.53	  -0.0003899630
  9.54	  -0.0003868328
  9.55	  -0.0003835451
  9.56	  -0.0003801032
  9.57	  -0.0003765101
  9.58	  -0.0003727693
  9.59	  -0.0003688839
  9.60	  -0.0003648573
  9.61	  -0.0003606929
  9.62	  -0.0003563941
  9.63	  -0.0003519643
  9.64	  -0.0003474070
  9.65	  -0.0003427256
  9.66	  -0.0003379237
  9.67	  -0.0003330049
  9.68	  -0.0003279726
  9.69	  -0.0003228305
  9.70	  -0.0003175821
  9.71	  -0.0003122312
  9.72	  -0.0003067812
  9.73	  -0.0003012359
  9.74	  -0.0002955989
  9.75	  -0.0002898739
  9.76	  -0.0002840645
  9.77	  -0.0002781745
  9.78	  -0.0002722074
  9.79	  -0.0002661669
  9.80	  -0.0002600568
  9.81	  -0.0002538807
  9.82	  -0.0002476423
  9.83	  -0.0002413452
  9.84	  -0.0002349931
  9.85	  -0.0002285896
  9.86	  -0.0002221384
  9.87	  -0.0002156431
  9.88	  -0.0002091073
  9.89	  -0.0002025345
  9.90	  -0.0001959284
  9.91	  -0.0001892925
  9.92	  -0.0001826304
  9.93	  -0.0001759455
  9.94	  -0.0001692413
  9.95	  -0.0001625213
  9.96	  -0.0001557890
  9.97	  -0.0001490477
  9.98	  -0.0001423007
  9.99	  -0.0001355516
  10.00	  -0.0001288035
