  0.01	  -0.0247512423
  0.02	  -0.0492441393
  0.03	  -0.0734693259
  0.04	  -0.0974176750
  0.05	  -0.1210803092
  0.06	  -0.1444486082
  0.07	  -0.1675142050
  0.08	  -0.1902689934
  0.09	  -0.2127051651
  0.10	  -0.2348151654
  0.11	  -0.2565917373
  0.12	  -0.2780278921
  0.13	  -0.2991169095
  0.14	  -0.3198524415
  0.15	  -0.3402283490
  0.16	  -0.3602387905
  0.17	  -0.3798782825
  0.18	  -0.3991415501
  0.19	  -0.4180236757
  0.20	  -0.4365200102
  0.21	  -0.4546261430
  0.22	  -0.4723380208
  0.23	  -0.4896518290
  0.24	  -0.5065640807
  0.25	  -0.5230714679
  0.26	  -0.5391710401
  0.27	  -0.5548601151
  0.28	  -0.5701362491
  0.29	  -0.5849971771
  0.30	  -0.5994410515
  0.31	  -0.6134661436
  0.32	  -0.6270709038
  0.33	  -0.6402543187
  0.34	  -0.6530151963
  0.35	  -0.6653529406
  0.36	  -0.6772668958
  0.37	  -0.6887567639
  0.38	  -0.6998224258
  0.39	  -0.7104640007
  0.40	  -0.7206816673
  0.41	  -0.7304759026
  0.42	  -0.7398474216
  0.43	  -0.7487969995
  0.44	  -0.7573255897
  0.45	  -0.7654343843
  0.46	  -0.7731246948
  0.47	  -0.7803979516
  0.48	  -0.7872558236
  0.49	  -0.7937000990
  0.50	  -0.7997326255
  0.51	  -0.8053554893
  0.52	  -0.8105708361
  0.53	  -0.8153809309
  0.54	  -0.8197882175
  0.55	  -0.8237953186
  0.56	  -0.8274047375
  0.57	  -0.8306193352
  0.58	  -0.8334419727
  0.59	  -0.8358756304
  0.60	  -0.8379233479
  0.61	  -0.8395882845
  0.62	  -0.8408737183
  0.63	  -0.8417831063
  0.64	  -0.8423197269
  0.65	  -0.8424872160
  0.66	  -0.8422892094
  0.67	  -0.8417293429
  0.68	  -0.8408114314
  0.69	  -0.8395393491
  0.70	  -0.8379170299
  0.71	  -0.8359484076
  0.72	  -0.8336377144
  0.73	  -0.8309890032
  0.74	  -0.8280065060
  0.75	  -0.8246946335
  0.76	  -0.8210576177
  0.77	  -0.8170999885
  0.78	  -0.8128262162
  0.79	  -0.8082409501
  0.80	  -0.8033487201
  0.81	  -0.7981542349
  0.82	  -0.7926623821
  0.83	  -0.7868779302
  0.84	  -0.7808057070
  0.85	  -0.7744507790
  0.86	  -0.7678180933
  0.87	  -0.7609128356
  0.88	  -0.7537400126
  0.89	  -0.7463048697
  0.90	  -0.7386127710
  0.91	  -0.7306689024
  0.92	  -0.7224786878
  0.93	  -0.7140476108
  0.94	  -0.7053810954
  0.95	  -0.6964847445
  0.96	  -0.6873641014
  0.97	  -0.6780248880
  0.98	  -0.6684727669
  0.99	  -0.6587135196
  1.00	  -0.6487529278
  1.01	  -0.6385968328
  1.02	  -0.6282512546
  1.03	  -0.6177219748
  1.04	  -0.6070151329
  1.05	  -0.5961367488
  1.06	  -0.5850928426
  1.07	  -0.5738895535
  1.08	  -0.5625330210
  1.09	  -0.5510295033
  1.10	  -0.5393851399
  1.11	  -0.5276062489
  1.12	  -0.5156990886
  1.13	  -0.5036699772
  1.14	  -0.4915252030
  1.15	  -0.4792712033
  1.16	  -0.4669142962
  1.17	  -0.4544608593
  1.18	  -0.4419173300
  1.19	  -0.4292900860
  1.20	  -0.4165855646
  1.21	  -0.4038101733
  1.22	  -0.3909703195
  1.23	  -0.3780724108
  1.24	  -0.3651228845
  1.25	  -0.3521281183
  1.26	  -0.3390944898
  1.27	  -0.3260283768
  1.28	  -0.3129360974
  1.29	  -0.2998240292
  1.30	  -0.2866984010
  1.31	  -0.2735655308
  1.32	  -0.2604315877
  1.33	  -0.2473027855
  1.34	  -0.2341852784
  1.35	  -0.2210851610
  1.36	  -0.2080084682
  1.37	  -0.1949612051
  1.38	  -0.1819493026
  1.39	  -0.1689786613
  1.40	  -0.1560550928
  1.41	  -0.1431843340
  1.42	  -0.1303720623
  1.43	  -0.1176239029
  1.44	  -0.1049453691
  1.45	  -0.0923419148
  1.46	  -0.0798189119
  1.47	  -0.0673816428
  1.48	  -0.0550352931
  1.49	  -0.0427849814
  1.50	  -0.0306357052
  1.51	  -0.0185923837
  1.52	  -0.0066598323
  1.53	  0.0051572346
  1.54	  0.0168542042
  1.55	  0.0284265690
  1.56	  0.0398699269
  1.57	  0.0511799902
  1.58	  0.0623525716
  1.59	  0.0733835995
  1.60	  0.0842691213
  1.61	  0.0950052962
  1.62	  0.1055883914
  1.63	  0.1160147935
  1.64	  0.1262810081
  1.65	  0.1363836825
  1.66	  0.1463195235
  1.67	  0.1560854316
  1.68	  0.1656783670
  1.69	  0.1750954390
  1.70	  0.1843338907
  1.71	  0.1933910400
  1.72	  0.2022643685
  1.73	  0.2109514475
  1.74	  0.2194500118
  1.75	  0.2277578861
  1.76	  0.2358729839
  1.77	  0.2437934130
  1.78	  0.2515173256
  1.79	  0.2590430677
  1.80	  0.2663690150
  1.81	  0.2734937370
  1.82	  0.2804158926
  1.83	  0.2871342003
  1.84	  0.2936476171
  1.85	  0.2999550700
  1.86	  0.3060557246
  1.87	  0.3119487762
  1.88	  0.3176335394
  1.89	  0.3231094778
  1.90	  0.3283761144
  1.91	  0.3334330916
  1.92	  0.3382802010
  1.93	  0.3429172635
  1.94	  0.3473442495
  1.95	  0.3515612185
  1.96	  0.3555683494
  1.97	  0.3593658805
  1.98	  0.3629541397
  1.99	  0.3663336039
  2.00	  0.3695047796
  2.01	  0.3724683523
  2.02	  0.3752249777
  2.03	  0.3777755201
  2.04	  0.3801208436
  2.05	  0.3822619021
  2.06	  0.3841998279
  2.07	  0.3859356940
  2.08	  0.3874707818
  2.09	  0.3888063431
  2.10	  0.3899438083
  2.11	  0.3908846080
  2.12	  0.3916302919
  2.13	  0.3921824694
  2.14	  0.3925427794
  2.15	  0.3927130103
  2.16	  0.3926949799
  2.17	  0.3924905062
  2.18	  0.3921016157
  2.19	  0.3915302753
  2.20	  0.3907785714
  2.21	  0.3898486197
  2.22	  0.3887426257
  2.23	  0.3874628544
  2.24	  0.3860115707
  2.25	  0.3843911886
  2.26	  0.3826040924
  2.27	  0.3806527555
  2.28	  0.3785396814
  2.29	  0.3762674630
  2.30	  0.3738387227
  2.31	  0.3712560534
  2.32	  0.3685222268
  2.33	  0.3656399548
  2.34	  0.3626120389
  2.35	  0.3594413102
  2.36	  0.3561306596
  2.37	  0.3526829183
  2.38	  0.3491010964
  2.39	  0.3453881443
  2.40	  0.3415470421
  2.41	  0.3375808895
  2.42	  0.3334926963
  2.43	  0.3292855918
  2.44	  0.3249627054
  2.45	  0.3205271363
  2.46	  0.3159821033
  2.47	  0.3113307953
  2.48	  0.3065764010
  2.49	  0.3017221987
  2.50	  0.2967713773
  2.51	  0.2917272747
  2.52	  0.2865931094
  2.53	  0.2813722193
  2.54	  0.2760678828
  2.55	  0.2706834376
  2.56	  0.2652221918
  2.57	  0.2596874833
  2.58	  0.2540826797
  2.59	  0.2484110743
  2.60	  0.2426760346
  2.61	  0.2368808985
  2.62	  0.2310290039
  2.63	  0.2251237035
  2.64	  0.2191683203
  2.65	  0.2131661922
  2.66	  0.2071206570
  2.67	  0.2010349929
  2.68	  0.1949125379
  2.69	  0.1887565702
  2.70	  0.1825703681
  2.71	  0.1763571948
  2.72	  0.1701203138
  2.73	  0.1638629436
  2.74	  0.1575883031
  2.75	  0.1512995809
  2.76	  0.1449999362
  2.77	  0.1386925429
  2.78	  0.1323805004
  2.79	  0.1260669082
  2.80	  0.1197548285
  2.81	  0.1134473160
  2.82	  0.1071473658
  2.83	  0.1008579656
  2.84	  0.0945820585
  2.85	  0.0883225426
  2.86	  0.0820823163
  2.87	  0.0758641958
  2.88	  0.0696710050
  2.89	  0.0635054857
  2.90	  0.0573703796
  2.91	  0.0512683652
  2.92	  0.0452020764
  2.93	  0.0391741209
  2.94	  0.0331870504
  2.95	  0.0272433739
  2.96	  0.0213455576
  2.97	  0.0154960193
  2.98	  0.0096971309
  2.99	  0.0039512147
  3.00	  -0.0017394542
  3.01	  -0.0073726517
  3.02	  -0.0129462034
  3.03	  -0.0184579846
  3.04	  -0.0239059236
  3.05	  -0.0292879995
  3.06	  -0.0346022435
  3.07	  -0.0398467444
  3.08	  -0.0450196378
  3.09	  -0.0501191206
  3.10	  -0.0551434308
  3.11	  -0.0600908808
  3.12	  -0.0649598166
  3.13	  -0.0697486624
  3.14	  -0.0744558796
  3.15	  -0.0790799856
  3.16	  -0.0836195648
  3.17	  -0.0880732536
  3.18	  -0.0924397483
  3.19	  -0.0967177823
  3.20	  -0.1009061635
  3.21	  -0.1050037667
  3.22	  -0.1090094894
  3.23	  -0.1129223108
  3.24	  -0.1167412549
  3.25	  -0.1204654202
  3.26	  -0.1240939349
  3.27	  -0.1276259869
  3.28	  -0.1310608536
  3.29	  -0.1343978196
  3.30	  -0.1376362443
  3.31	  -0.1407755613
  3.32	  -0.1438152343
  3.33	  -0.1467547715
  3.34	  -0.1495937854
  3.35	  -0.1523318738
  3.36	  -0.1549687237
  3.37	  -0.1575040966
  3.38	  -0.1599377692
  3.39	  -0.1622695625
  3.40	  -0.1644994020
  3.41	  -0.1666271985
  3.42	  -0.1686529666
  3.43	  -0.1705767512
  3.44	  -0.1723986119
  3.45	  -0.1741187125
  3.46	  -0.1757372320
  3.47	  -0.1772544086
  3.48	  -0.1786705106
  3.49	  -0.1799858809
  3.50	  -0.1812008768
  3.51	  -0.1823159158
  3.52	  -0.1833314747
  3.53	  -0.1842480302
  3.54	  -0.1850661635
  3.55	  -0.1857864261
  3.56	  -0.1864094585
  3.57	  -0.1869359314
  3.58	  -0.1873665452
  3.59	  -0.1877020746
  3.60	  -0.1879432797
  3.61	  -0.1880909801
  3.62	  -0.1881460547
  3.63	  -0.1881093979
  3.64	  -0.1879819185
  3.65	  -0.1877645999
  3.66	  -0.1874584258
  3.67	  -0.1870644540
  3.68	  -0.1865837127
  3.69	  -0.1860173196
  3.70	  -0.1853663772
  3.71	  -0.1846320629
  3.72	  -0.1838155538
  3.73	  -0.1829180419
  3.74	  -0.1819407791
  3.75	  -0.1808850169
  3.76	  -0.1797520518
  3.77	  -0.1785431802
  3.78	  -0.1772597730
  3.79	  -0.1759031415
  3.80	  -0.1744747013
  3.81	  -0.1729758233
  3.82	  -0.1714079678
  3.83	  -0.1697725356
  3.84	  -0.1680709869
  3.85	  -0.1663048267
  3.86	  -0.1644755304
  3.87	  -0.1625846028
  3.88	  -0.1606335640
  3.89	  -0.1586239636
  3.90	  -0.1565573514
  3.91	  -0.1544352770
  3.92	  -0.1522593200
  3.93	  -0.1500310600
  3.94	  -0.1477521062
  3.95	  -0.1454240382
  3.96	  -0.1430484951
  3.97	  -0.1406270862
  3.98	  -0.1381614208
  3.99	  -0.1356531531
  4.00	  -0.1331038922
  4.01	  -0.1305153072
  4.02	  -0.1278890222
  4.03	  -0.1252266765
  4.04	  -0.1225299388
  4.05	  -0.1198004410
  4.06	  -0.1170398295
  4.07	  -0.1142497510
  4.08	  -0.1114318520
  4.09	  -0.1085877791
  4.10	  -0.1057191640
  4.11	  -0.1028276458
  4.12	  -0.0999148563
  4.13	  -0.0969824120
  4.14	  -0.0940319374
  4.15	  -0.0910650417
  4.16	  -0.0880833268
  4.17	  -0.0850883946
  4.18	  -0.0820818245
  4.19	  -0.0790651962
  4.20	  -0.0760400742
  4.21	  -0.0730080158
  4.22	  -0.0699705631
  4.23	  -0.0669292435
  4.24	  -0.0638855845
  4.25	  -0.0608410835
  4.26	  -0.0577972271
  4.27	  -0.0547554977
  4.28	  -0.0517173484
  4.29	  -0.0486842245
  4.30	  -0.0456575565
  4.31	  -0.0426387526
  4.32	  -0.0396292023
  4.33	  -0.0366302803
  4.34	  -0.0336433426
  4.35	  -0.0306697283
  4.36	  -0.0277107507
  4.37	  -0.0247677062
  4.38	  -0.0218418706
  4.39	  -0.0189344995
  4.40	  -0.0160468277
  4.41	  -0.0131800640
  4.42	  -0.0103354007
  4.43	  -0.0075140027
  4.44	  -0.0047170147
  4.45	  -0.0019455581
  4.46	  0.0007992706
  4.47	  0.0035163979
  4.48	  0.0062047746
  4.49	  0.0088633765
  4.50	  0.0114912027
  4.51	  0.0140872793
  4.52	  0.0166506562
  4.53	  0.0191804096
  4.54	  0.0216756389
  4.55	  0.0241354741
  4.56	  0.0265590660
  4.57	  0.0289455950
  4.58	  0.0312942676
  4.59	  0.0336043164
  4.60	  0.0358749963
  4.61	  0.0381055959
  4.62	  0.0402954258
  4.63	  0.0424438268
  4.64	  0.0445501618
  4.65	  0.0466138236
  4.66	  0.0486342348
  4.67	  0.0506108403
  4.68	  0.0525431111
  4.69	  0.0544305481
  4.70	  0.0562726818
  4.71	  0.0580690652
  4.72	  0.0598192774
  4.73	  0.0615229234
  4.74	  0.0631796420
  4.75	  0.0647890940
  4.76	  0.0663509667
  4.77	  0.0678649694
  4.78	  0.0693308488
  4.79	  0.0707483664
  4.80	  0.0721173063
  4.81	  0.0734375045
  4.82	  0.0747087821
  4.83	  0.0759310275
  4.84	  0.0771041214
  4.85	  0.0782279968
  4.86	  0.0793025792
  4.87	  0.0803278461
  4.88	  0.0813037902
  4.89	  0.0822304264
  4.90	  0.0831077918
  4.91	  0.0839359611
  4.92	  0.0847150087
  4.93	  0.0854450539
  4.94	  0.0861262232
  4.95	  0.0867586806
  4.96	  0.0873425901
  4.97	  0.0878781676
  4.98	  0.0883656219
  4.99	  0.0888051987
  5.00	  0.0891971588
  5.01	  0.0895417854
  5.02	  0.0898393914
  5.03	  0.0900902897
  5.04	  0.0902948231
  5.05	  0.0904533640
  5.06	  0.0905662850
  5.07	  0.0906339809
  5.08	  0.0906568766
  5.09	  0.0906354114
  5.10	  0.0905700251
  5.11	  0.0904611871
  5.12	  0.0903093964
  5.13	  0.0901151374
  5.14	  0.0898789391
  5.15	  0.0896013230
  5.16	  0.0892828479
  5.17	  0.0889240652
  5.18	  0.0885255560
  5.19	  0.0880879089
  5.20	  0.0876117200
  5.21	  0.0870976150
  5.22	  0.0865462050
  5.23	  0.0859581456
  5.24	  0.0853340775
  5.25	  0.0846746638
  5.26	  0.0839805752
  5.27	  0.0832524970
  5.28	  0.0824911147
  5.29	  0.0816971436
  5.30	  0.0808712766
  5.31	  0.0800142512
  5.32	  0.0791267753
  5.33	  0.0782095939
  5.34	  0.0772634447
  5.35	  0.0762890801
  5.36	  0.0752872452
  5.37	  0.0742587149
  5.38	  0.0732042417
  5.39	  0.0721246004
  5.40	  0.0710205659
  5.41	  0.0698929280
  5.42	  0.0687424541
  5.43	  0.0675699413
  5.44	  0.0663761720
  5.45	  0.0651619434
  5.46	  0.0639280528
  5.47	  0.0626752898
  5.48	  0.0614044517
  5.49	  0.0601163432
  5.50	  0.0588117577
  5.51	  0.0574914962
  5.52	  0.0561563596
  5.53	  0.0548071377
  5.54	  0.0534446351
  5.55	  0.0520696454
  5.56	  0.0506829619
  5.57	  0.0492853746
  5.58	  0.0478776731
  5.59	  0.0464606434
  5.60	  0.0450350717
  5.61	  0.0436017364
  5.62	  0.0421614088
  5.63	  0.0407148637
  5.64	  0.0392628685
  5.65	  0.0378061794
  5.66	  0.0363455601
  5.67	  0.0348817557
  5.68	  0.0334155150
  5.69	  0.0319475718
  5.70	  0.0304786619
  5.71	  0.0290095117
  5.72	  0.0275408383
  5.73	  0.0260733515
  5.74	  0.0246077552
  5.75	  0.0231447462
  5.76	  0.0216850117
  5.77	  0.0202292297
  5.78	  0.0187780689
  5.79	  0.0173321944
  5.80	  0.0158922579
  5.81	  0.0144588994
  5.82	  0.0130327540
  5.83	  0.0116144456
  5.84	  0.0102045862
  5.85	  0.0088037811
  5.86	  0.0074126213
  5.87	  0.0060316902
  5.88	  0.0046615587
  5.89	  0.0033027879
  5.90	  0.0019559267
  5.91	  0.0006215134
  5.92	  -0.0006999251
  5.93	  -0.0020078737
  5.94	  -0.0033018289
  5.95	  -0.0045812991
  5.96	  -0.0058458047
  5.97	  -0.0070948782
  5.98	  -0.0083280634
  5.99	  -0.0095449183
  6.00	  -0.0107450113
  6.01	  -0.0119279241
  6.02	  -0.0130932517
  6.03	  -0.0142406002
  6.04	  -0.0153695904
  6.05	  -0.0164798517
  6.06	  -0.0175710320
  6.07	  -0.0186427888
  6.08	  -0.0196947921
  6.09	  -0.0207267273
  6.10	  -0.0217382871
  6.11	  -0.0227291863
  6.12	  -0.0236991439
  6.13	  -0.0246478971
  6.14	  -0.0255751926
  6.15	  -0.0264807940
  6.16	  -0.0273644757
  6.17	  -0.0282260235
  6.18	  -0.0290652383
  6.19	  -0.0298819356
  6.20	  -0.0306759384
  6.21	  -0.0314470865
  6.22	  -0.0321952328
  6.23	  -0.0329202376
  6.24	  -0.0336219855
  6.25	  -0.0343003571
  6.26	  -0.0349552594
  6.27	  -0.0355866067
  6.28	  -0.0361943282
  6.29	  -0.0367783569
  6.30	  -0.0373386443
  6.31	  -0.0378751606
  6.32	  -0.0383878760
  6.33	  -0.0388767757
  6.34	  -0.0393418595
  6.35	  -0.0397831425
  6.36	  -0.0402006432
  6.37	  -0.0405943953
  6.38	  -0.0409644395
  6.39	  -0.0413108356
  6.40	  -0.0416336507
  6.41	  -0.0419329591
  6.42	  -0.0422088541
  6.43	  -0.0424614288
  6.44	  -0.0426907912
  6.45	  -0.0428970680
  6.46	  -0.0430803820
  6.47	  -0.0432408750
  6.48	  -0.0433786921
  6.49	  -0.0434939973
  6.50	  -0.0435869582
  6.51	  -0.0436577462
  6.52	  -0.0437065512
  6.53	  -0.0437335707
  6.54	  -0.0437390022
  6.55	  -0.0437230654
  6.56	  -0.0436859727
  6.57	  -0.0436279587
  6.58	  -0.0435492545
  6.59	  -0.0434501097
  6.60	  -0.0433307737
  6.61	  -0.0431915037
  6.62	  -0.0430325717
  6.63	  -0.0428542420
  6.64	  -0.0426568016
  6.65	  -0.0424405336
  6.66	  -0.0422057323
  6.67	  -0.0419526957
  6.68	  -0.0416817293
  6.69	  -0.0413931422
  6.70	  -0.0410872512
  6.71	  -0.0407643728
  6.72	  -0.0404248424
  6.73	  -0.0400689840
  6.74	  -0.0396971367
  6.75	  -0.0393096432
  6.76	  -0.0389068387
  6.77	  -0.0384890810
  6.78	  -0.0380567200
  6.79	  -0.0376101062
  6.80	  -0.0371496081
  6.81	  -0.0366755836
  6.82	  -0.0361883938
  6.83	  -0.0356884152
  6.84	  -0.0351760164
  6.85	  -0.0346515663
  6.86	  -0.0341154449
  6.87	  -0.0335680284
  6.88	  -0.0330096930
  6.89	  -0.0324408226
  6.90	  -0.0318618007
  6.91	  -0.0312730074
  6.92	  -0.0306748282
  6.93	  -0.0300676469
  6.94	  -0.0294518489
  6.95	  -0.0288278218
  6.96	  -0.0281959511
  6.97	  -0.0275566224
  6.98	  -0.0269102212
  6.99	  -0.0262571331
  7.00	  -0.0255977418
  7.01	  -0.0249324348
  7.02	  -0.0242615920
  7.03	  -0.0235855952
  7.04	  -0.0229048282
  7.05	  -0.0222196691
  7.06	  -0.0215304922
  7.07	  -0.0208376795
  7.08	  -0.0201415997
  7.09	  -0.0194426272
  7.10	  -0.0187411308
  7.11	  -0.0180374756
  7.12	  -0.0173320305
  7.13	  -0.0166251548
  7.14	  -0.0159172062
  7.15	  -0.0152085423
  7.16	  -0.0144995153
  7.17	  -0.0137904733
  7.18	  -0.0130817639
  7.19	  -0.0123737277
  7.20	  -0.0116667049
  7.21	  -0.0109610278
  7.22	  -0.0102570290
  7.23	  -0.0095550343
  7.24	  -0.0088553661
  7.25	  -0.0081583420
  7.26	  -0.0074642762
  7.27	  -0.0067734774
  7.28	  -0.0060862494
  7.29	  -0.0054028924
  7.30	  -0.0047237007
  7.31	  -0.0040489640
  7.32	  -0.0033789671
  7.33	  -0.0027139892
  7.34	  -0.0020543048
  7.35	  -0.0014001830
  7.36	  -0.0007518871
  7.37	  -0.0001096753
  7.38	  0.0005261998
  7.39	  0.0011554912
  7.40	  0.0017779577
  7.41	  0.0023933635
  7.42	  0.0030014792
  7.43	  0.0036020805
  7.44	  0.0041949493
  7.45	  0.0047798739
  7.46	  0.0053566475
  7.47	  0.0059250710
  7.48	  0.0064849495
  7.49	  0.0070360950
  7.50	  0.0075783264
  7.51	  0.0081114676
  7.52	  0.0086353486
  7.53	  0.0091498075
  7.54	  0.0096546859
  7.55	  0.0101498337
  7.56	  0.0106351059
  7.57	  0.0111103645
  7.58	  0.0115754772
  7.59	  0.0120303184
  7.60	  0.0124747688
  7.61	  0.0129087148
  7.62	  0.0133320484
  7.63	  0.0137446709
  7.64	  0.0141464863
  7.65	  0.0145374062
  7.66	  0.0149173494
  7.67	  0.0152862389
  7.68	  0.0156440046
  7.69	  0.0159905851
  7.70	  0.0163259190
  7.71	  0.0166499577
  7.72	  0.0169626549
  7.73	  0.0172639713
  7.74	  0.0175538715
  7.75	  0.0178323295
  7.76	  0.0180993229
  7.77	  0.0183548369
  7.78	  0.0185988583
  7.79	  0.0188313853
  7.80	  0.0190524161
  7.81	  0.0192619618
  7.82	  0.0194600299
  7.83	  0.0196466390
  7.84	  0.0198218152
  7.85	  0.0199855827
  7.86	  0.0201379787
  7.87	  0.0202790387
  7.88	  0.0204088110
  7.89	  0.0205273405
  7.90	  0.0206346847
  7.91	  0.0207308996
  7.92	  0.0208160505
  7.93	  0.0208902061
  7.94	  0.0209534392
  7.95	  0.0210058279
  7.96	  0.0210474543
  7.97	  0.0210784059
  7.98	  0.0210987739
  7.99	  0.0211086515
  8.00	  0.0211081412
  8.01	  0.0210973453
  8.02	  0.0210763700
  8.03	  0.0210453290
  8.04	  0.0210043378
  8.05	  0.0209535137
  8.06	  0.0208929796
  8.07	  0.0208228622
  8.08	  0.0207432918
  8.09	  0.0206543989
  8.10	  0.0205563214
  8.11	  0.0204491988
  8.12	  0.0203331728
  8.13	  0.0202083867
  8.14	  0.0200749915
  8.15	  0.0199331362
  8.16	  0.0197829753
  8.17	  0.0196246635
  8.18	  0.0194583591
  8.19	  0.0192842223
  8.20	  0.0191024169
  8.21	  0.0189131089
  8.22	  0.0187164620
  8.23	  0.0185126495
  8.24	  0.0183018371
  8.25	  0.0180842001
  8.26	  0.0178599134
  8.27	  0.0176291503
  8.28	  0.0173920877
  8.29	  0.0171489045
  8.30	  0.0168997813
  8.31	  0.0166448988
  8.32	  0.0163844358
  8.33	  0.0161185768
  8.34	  0.0158475060
  8.35	  0.0155714042
  8.36	  0.0152904596
  8.37	  0.0150048546
  8.38	  0.0147147765
  8.39	  0.0144204115
  8.40	  0.0141219441
  8.41	  0.0138195613
  8.42	  0.0135134505
  8.43	  0.0132037960
  8.44	  0.0128907859
  8.45	  0.0125746056
  8.46	  0.0122554405
  8.47	  0.0119334767
  8.48	  0.0116088977
  8.49	  0.0112818889
  8.50	  0.0109526329
  8.51	  0.0106213139
  8.52	  0.0102881128
  8.53	  0.0099532111
  8.54	  0.0096167885
  8.55	  0.0092790257
  8.56	  0.0089400997
  8.57	  0.0086001866
  8.58	  0.0082594631
  8.59	  0.0079181027
  8.60	  0.0075762789
  8.61	  0.0072341622
  8.62	  0.0068919230
  8.63	  0.0065497286
  8.64	  0.0062077455
  8.65	  0.0058661392
  8.66	  0.0055250716
  8.67	  0.0051847040
  8.68	  0.0048451954
  8.69	  0.0045067025
  8.70	  0.0041693803
  8.71	  0.0038333819
  8.72	  0.0034988578
  8.73	  0.0031659566
  8.74	  0.0028348239
  8.75	  0.0025056042
  8.76	  0.0021784385
  8.77	  0.0018534662
  8.78	  0.0015308236
  8.79	  0.0012106452
  8.80	  0.0008930623
  8.81	  0.0005782040
  8.82	  0.0002661968
  8.83	  -0.0000428358
  8.84	  -0.0003487724
  8.85	  -0.0006514949
  8.86	  -0.0009508876
  8.87	  -0.0012468375
  8.88	  -0.0015392350
  8.89	  -0.0018279724
  8.90	  -0.0021129455
  8.91	  -0.0023940532
  8.92	  -0.0026711964
  8.93	  -0.0029442795
  8.94	  -0.0032132098
  8.95	  -0.0034778977
  8.96	  -0.0037382562
  8.97	  -0.0039942013
  8.98	  -0.0042456524
  8.99	  -0.0044925315
  9.00	  -0.0047347639
  9.01	  -0.0049722772
  9.02	  -0.0052050035
  9.03	  -0.0054328758
  9.04	  -0.0056558321
  9.05	  -0.0058738124
  9.06	  -0.0060867602
  9.07	  -0.0062946212
  9.08	  -0.0064973449
  9.09	  -0.0066948840
  9.10	  -0.0068871928
  9.11	  -0.0070742308
  9.12	  -0.0072559584
  9.13	  -0.0074323402
  9.14	  -0.0076033431
  9.15	  -0.0077689379
  9.16	  -0.0079290969
  9.17	  -0.0080837961
  9.18	  -0.0082330154
  9.19	  -0.0083767353
  9.20	  -0.0085149417
  9.21	  -0.0086476207
  9.22	  -0.0087747639
  9.23	  -0.0088963639
  9.24	  -0.0090124160
  9.25	  -0.0091229202
  9.26	  -0.0092278756
  9.27	  -0.0093272887
  9.28	  -0.0094211651
  9.29	  -0.0095095141
  9.30	  -0.0095923468
  9.31	  -0.0096696792
  9.32	  -0.0097415280
  9.33	  -0.0098079117
  9.34	  -0.0098688537
  9.35	  -0.0099243773
  9.36	  -0.0099745095
  9.37	  -0.0100192800
  9.38	  -0.0100587206
  9.39	  -0.0100928647
  9.40	  -0.0101217479
  9.41	  -0.0101454090
  9.42	  -0.0101638874
  9.43	  -0.0101772277
  9.44	  -0.0101854727
  9.45	  -0.0101886708
  9.46	  -0.0101868687
  9.47	  -0.0101801176
  9.48	  -0.0101684714
  9.49	  -0.0101519823
  9.50	  -0.0101307081
  9.51	  -0.0101047065
  9.52	  -0.0100740371
  9.53	  -0.0100387614
  9.54	  -0.0099989427
  9.55	  -0.0099546444
  9.56	  -0.0099059343
  9.57	  -0.0098528787
  9.58	  -0.0097955465
  9.59	  -0.0097340103
  9.60	  -0.0096683400
  9.61	  -0.0095986091
  9.62	  -0.0095248930
  9.63	  -0.0094472654
  9.64	  -0.0093658054
  9.65	  -0.0092805894
  9.66	  -0.0091916956
  9.67	  -0.0090992060
  9.68	  -0.0090031996
  9.69	  -0.0089037595
  9.70	  -0.0088009676
  9.71	  -0.0086949077
  9.72	  -0.0085856635
  9.73	  -0.0084733209
  9.74	  -0.0083579645
  9.75	  -0.0082396809
  9.76	  -0.0081185577
  9.77	  -0.0079946807
  9.78	  -0.0078681391
  9.79	  -0.0077390205
  9.80	  -0.0076074130
  9.81	  -0.0074734064
  9.82	  -0.0073370892
  9.83	  -0.0071985512
  9.84	  -0.0070578824
  9.85	  -0.0069151716
  9.86	  -0.0067705098
  9.87	  -0.0066239862
  9.88	  -0.0064756912
  9.89	  -0.0063257143
  9.90	  -0.0061741453
  9.91	  -0.0060210750
  9.92	  -0.0058665914
  9.93	  -0.0057107853
  9.94	  -0.0055537447
  9.95	  -0.0053955591
  9.96	  -0.0052363169
  9.97	  -0.0050761062
  9.98	  -0.0049150148
  9.99	  -0.0047531296
  10.00	  -0.0045905383
