  0.01	  -0.0049999999
  0.02	  -0.0099975495
  0.03	  -0.0149902012
  0.04	  -0.0199755076
  0.05	  -0.0249510258
  0.06	  -0.0299143195
  0.07	  -0.0348629579
  0.08	  -0.0397945158
  0.09	  -0.0447065830
  0.10	  -0.0495967492
  0.11	  -0.0544626229
  0.12	  -0.0593018234
  0.13	  -0.0641119778
  0.14	  -0.0688907430
  0.15	  -0.0736357793
  0.16	  -0.0783447698
  0.17	  -0.0830154046
  0.18	  -0.0876454115
  0.19	  -0.0922325253
  0.20	  -0.0967745110
  0.21	  -0.1012691557
  0.22	  -0.1057142541
  0.23	  -0.1101076528
  0.24	  -0.1144472137
  0.25	  -0.1187308058
  0.26	  -0.1229563653
  0.27	  -0.1271218210
  0.28	  -0.1312251687
  0.29	  -0.1352643818
  0.30	  -0.1392375380
  0.31	  -0.1431426704
  0.32	  -0.1469779015
  0.33	  -0.1507413834
  0.34	  -0.1544312835
  0.35	  -0.1580457985
  0.36	  -0.1615832001
  0.37	  -0.1650417745
  0.38	  -0.1684198380
  0.39	  -0.1717157662
  0.40	  -0.1749279797
  0.41	  -0.1780548990
  0.42	  -0.1810950339
  0.43	  -0.1840469241
  0.44	  -0.1869091392
  0.45	  -0.1896802932
  0.46	  -0.1923590600
  0.47	  -0.1949441582
  0.48	  -0.1974343359
  0.49	  -0.1998284012
  0.50	  -0.2021251917
  0.51	  -0.2043236196
  0.52	  -0.2064226270
  0.53	  -0.2084212005
  0.54	  -0.2103183866
  0.55	  -0.2121132761
  0.56	  -0.2138050050
  0.57	  -0.2153927535
  0.58	  -0.2168757915
  0.59	  -0.2182533890
  0.60	  -0.2195248902
  0.61	  -0.2206896693
  0.62	  -0.2217472047
  0.63	  -0.2226969749
  0.64	  -0.2235385031
  0.65	  -0.2242714316
  0.66	  -0.2248953730
  0.67	  -0.2254100442
  0.68	  -0.2258151919
  0.69	  -0.2261106372
  0.70	  -0.2262962162
  0.71	  -0.2263718694
  0.72	  -0.2263375372
  0.73	  -0.2261932492
  0.74	  -0.2259390652
  0.75	  -0.2255751044
  0.76	  -0.2251015604
  0.77	  -0.2245186418
  0.78	  -0.2238266170
  0.79	  -0.2230258435
  0.80	  -0.2221166939
  0.81	  -0.2210996002
  0.82	  -0.2199750394
  0.83	  -0.2187435627
  0.84	  -0.2174057513
  0.85	  -0.2159622610
  0.86	  -0.2144137621
  0.87	  -0.2127609998
  0.88	  -0.2110047638
  0.89	  -0.2091459036
  0.90	  -0.2071853131
  0.91	  -0.2051239312
  0.92	  -0.2029627413
  0.93	  -0.2007027715
  0.94	  -0.1983451247
  0.95	  -0.1958909184
  0.96	  -0.1933413446
  0.97	  -0.1906976104
  0.98	  -0.1879610121
  0.99	  -0.1851328462
  1.00	  -0.1822144836
  1.01	  -0.1792073399
  1.02	  -0.1761128455
  1.03	  -0.1729325056
  1.04	  -0.1696678400
  1.05	  -0.1663204432
  1.06	  -0.1628919244
  1.07	  -0.1593839377
  1.08	  -0.1557981968
  1.09	  -0.1521364003
  1.10	  -0.1484003663
  1.11	  -0.1445918679
  1.12	  -0.1407127678
  1.13	  -0.1367649585
  1.14	  -0.1327503324
  1.15	  -0.1286708415
  1.16	  -0.1245284900
  1.17	  -0.1203252748
  1.18	  -0.1160632372
  1.19	  -0.1117444560
  1.20	  -0.1073710397
  1.21	  -0.1029451042
  1.22	  -0.0984688252
  1.23	  -0.0939443633
  1.24	  -0.0893739462
  1.25	  -0.0847597867
  1.26	  -0.0801041499
  1.27	  -0.0754093006
  1.28	  -0.0706775412
  1.29	  -0.0659111738
  1.30	  -0.0611125343
  1.31	  -0.0562839657
  1.32	  -0.0514278375
  1.33	  -0.0465465188
  1.34	  -0.0416423976
  1.35	  -0.0367178805
  1.36	  -0.0317753740
  1.37	  -0.0268173032
  1.38	  -0.0218460914
  1.39	  -0.0168641750
  1.40	  -0.0118739968
  1.41	  -0.0068780007
  1.42	  -0.0018786340
  1.43	  0.0031216533
  1.44	  0.0081204111
  1.45	  0.0131151900
  1.46	  0.0181035418
  1.47	  0.0230830237
  1.48	  0.0280511975
  1.49	  0.0330056250
  1.50	  0.0379438847
  1.51	  0.0428635553
  1.52	  0.0477622300
  1.53	  0.0526375100
  1.54	  0.0574870110
  1.55	  0.0623083562
  1.56	  0.0670991912
  1.57	  0.0718571767
  1.58	  0.0765799731
  1.59	  0.0812652856
  1.60	  0.0859108269
  1.61	  0.0905143172
  1.62	  0.0950735211
  1.63	  0.0995862111
  1.64	  0.1040501744
  1.65	  0.1084632501
  1.66	  0.1128232852
  1.67	  0.1171281561
  1.68	  0.1213757619
  1.69	  0.1255640388
  1.70	  0.1296909451
  1.71	  0.1337544918
  1.72	  0.1377526969
  1.73	  0.1416836083
  1.74	  0.1455453187
  1.75	  0.1493359804
  1.76	  0.1530537307
  1.77	  0.1566967815
  1.78	  0.1602633595
  1.79	  0.1637517363
  1.80	  0.1671602428
  1.81	  0.1704872251
  1.82	  0.1737310737
  1.83	  0.1768902093
  1.84	  0.1799631268
  1.85	  0.1829483360
  1.86	  0.1858444065
  1.87	  0.1886499375
  1.88	  0.1913635731
  1.89	  0.1939840019
  1.90	  0.1965099871
  1.91	  0.1989402920
  1.92	  0.2012737691
  1.93	  0.2035092711
  1.94	  0.2056457549
  1.95	  0.2076821774
  1.96	  0.2096175551
  1.97	  0.2114509791
  1.98	  0.2131815702
  1.99	  0.2148084790
  2.00	  0.2163309455
  2.01	  0.2177482247
  2.02	  0.2190596610
  2.03	  0.2202646136
  2.04	  0.2213625014
  2.05	  0.2223528177
  2.06	  0.2232350558
  2.07	  0.2240088284
  2.08	  0.2246737480
  2.09	  0.2252295017
  2.10	  0.2256758362
  2.11	  0.2260125130
  2.12	  0.2262393832
  2.13	  0.2263563424
  2.14	  0.2263633311
  2.15	  0.2262603492
  2.16	  0.2260474414
  2.17	  0.2257247120
  2.18	  0.2252923101
  2.19	  0.2247504443
  2.20	  0.2240993828
  2.21	  0.2233394384
  2.22	  0.2224709541
  2.23	  0.2214943469
  2.24	  0.2204101086
  2.25	  0.2192187309
  2.26	  0.2179207951
  2.27	  0.2165169269
  2.28	  0.2150077969
  2.29	  0.2133941203
  2.30	  0.2116766572
  2.31	  0.2098562568
  2.32	  0.2079337835
  2.33	  0.2059101611
  2.34	  0.2037863433
  2.35	  0.2015633583
  2.36	  0.1992422789
  2.37	  0.1968242079
  2.38	  0.1943103224
  2.39	  0.1917018294
  2.40	  0.1889999658
  2.41	  0.1862060428
  2.42	  0.1833214164
  2.43	  0.1803474426
  2.44	  0.1772855967
  2.45	  0.1741373241
  2.46	  0.1709041595
  2.47	  0.1675876677
  2.48	  0.1641894281
  2.49	  0.1607111096
  2.50	  0.1571543664
  2.51	  0.1535209417
  2.52	  0.1498125941
  2.53	  0.1460310966
  2.54	  0.1421783119
  2.55	  0.1382560879
  2.56	  0.1342663318
  2.57	  0.1302109957
  2.58	  0.1260920167
  2.59	  0.1219114289
  2.60	  0.1176712513
  2.61	  0.1133735478
  2.62	  0.1090204045
  2.63	  0.1046139523
  2.64	  0.1001563296
  2.65	  0.0956497192
  2.66	  0.0910963044
  2.67	  0.0864983127
  2.68	  0.0818579942
  2.69	  0.0771776140
  2.70	  0.0724594444
  2.71	  0.0677058101
  2.72	  0.0629190207
  2.73	  0.0581014231
  2.74	  0.0532553680
  2.75	  0.0483832322
  2.76	  0.0434873998
  2.77	  0.0385702625
  2.78	  0.0336342342
  2.79	  0.0286817234
  2.80	  0.0237151645
  2.81	  0.0187369846
  2.82	  0.0137496237
  2.83	  0.0087555256
  2.84	  0.0037571380
  2.85	  -0.0012430908
  2.86	  -0.0062427106
  2.87	  -0.0112392716
  2.88	  -0.0162303243
  2.89	  -0.0212134253
  2.90	  -0.0261861328
  2.91	  -0.0311460104
  2.92	  -0.0360906273
  2.93	  -0.0410175659
  2.94	  -0.0459244102
  2.95	  -0.0508087613
  2.96	  -0.0556682274
  2.97	  -0.0605004281
  2.98	  -0.0653029978
  2.99	  -0.0700735971
  3.00	  -0.0748098865
  3.01	  -0.0795095563
  3.02	  -0.0841703042
  3.03	  -0.0887898579
  3.04	  -0.0933659673
  3.05	  -0.0978963822
  3.06	  -0.1023789123
  3.07	  -0.1068113670
  3.08	  -0.1111915782
  3.09	  -0.1155174151
  3.10	  -0.1197867841
  3.11	  -0.1239975914
  3.12	  -0.1281477958
  3.13	  -0.1322353780
  3.14	  -0.1362583488
  3.15	  -0.1402147710
  3.16	  -0.1441027075
  3.17	  -0.1479202807
  3.18	  -0.1516656280
  3.19	  -0.1553369612
  3.20	  -0.1589324623
  3.21	  -0.1624504328
  3.22	  -0.1658891439
  3.23	  -0.1692469418
  3.24	  -0.1725222021
  3.25	  -0.1757133454
  3.26	  -0.1788188368
  3.27	  -0.1818371713
  3.28	  -0.1847669035
  3.29	  -0.1876066029
  3.30	  -0.1903549135
  3.31	  -0.1930105090
  3.32	  -0.1955721229
  3.33	  -0.1980385184
  3.34	  -0.2004085034
  3.35	  -0.2026809454
  3.36	  -0.2048547566
  3.37	  -0.2069288790
  3.38	  -0.2089023441
  3.39	  -0.2107741833
  3.40	  -0.2125435024
  3.41	  -0.2142094523
  3.42	  -0.2157712430
  3.43	  -0.2172281295
  3.44	  -0.2185794115
  3.45	  -0.2198244333
  3.46	  -0.2209626138
  3.47	  -0.2219934016
  3.48	  -0.2229163051
  3.49	  -0.2237308770
  3.50	  -0.2244367301
  3.51	  -0.2250335366
  3.52	  -0.2255209982
  3.53	  -0.2258988917
  3.54	  -0.2261670381
  3.55	  -0.2263252884
  3.56	  -0.2263735980
  3.57	  -0.2263119370
  3.58	  -0.2261403203
  3.59	  -0.2258588374
  3.60	  -0.2254676074
  3.61	  -0.2249668539
  3.62	  -0.2243567854
  3.63	  -0.2236377001
  3.64	  -0.2228099406
  3.65	  -0.2218739092
  3.66	  -0.2208300531
  3.67	  -0.2196788639
  3.68	  -0.2184208930
  3.69	  -0.2170567513
  3.70	  -0.2155870795
  3.71	  -0.2140125930
  3.72	  -0.2123340368
  3.73	  -0.2105522007
  3.74	  -0.2086679786
  3.75	  -0.2066822350
  3.76	  -0.2045959383
  3.77	  -0.2024101019
  3.78	  -0.2001257390
  3.79	  -0.1977439821
  3.80	  -0.1952659488
  3.81	  -0.1926928610
  3.82	  -0.1900259256
  3.83	  -0.1872664392
  3.84	  -0.1844157130
  3.85	  -0.1814751476
  3.86	  -0.1784461588
  3.87	  -0.1753301769
  3.88	  -0.1721287221
  3.89	  -0.1688433439
  3.90	  -0.1654756367
  3.91	  -0.1620271951
  3.92	  -0.1584997177
  3.93	  -0.1548949033
  3.94	  -0.1512144953
  3.95	  -0.1474602669
  3.96	  -0.1436340511
  3.97	  -0.1397376955
  3.98	  -0.1357730776
  3.99	  -0.1317421496
  4.00	  -0.1276468486
  4.01	  -0.1234891787
  4.02	  -0.1192711443
  4.03	  -0.1149948090
  4.04	  -0.1106622517
  4.05	  -0.1062755734
  4.06	  -0.1018369272
  4.07	  -0.0973484591
  4.08	  -0.0928123742
  4.09	  -0.0882308707
  4.10	  -0.0836061910
  4.11	  -0.0789405853
  4.12	  -0.0742363483
  4.13	  -0.0694957674
  4.14	  -0.0647211596
  4.15	  -0.0599148609
  4.16	  -0.0550792180
  4.17	  -0.0502166040
  4.18	  -0.0453293920
  4.19	  -0.0404199809
  4.20	  -0.0354907624
  4.21	  -0.0305441618
  4.22	  -0.0255825967
  4.23	  -0.0206084959
  4.24	  -0.0156242987
  4.25	  -0.0106324451
  4.26	  -0.0056353821
  4.27	  -0.0006355577
  4.28	  0.0043645781
  4.29	  0.0093625756
  4.30	  0.0143559845
  4.31	  0.0193423610
  4.32	  0.0243192576
  4.33	  0.0292842407
  4.34	  0.0342348777
  4.35	  0.0391687416
  4.36	  0.0440834165
  4.37	  0.0489764996
  4.38	  0.0538455918
  4.39	  0.0586883165
  4.40	  0.0635022968
  4.41	  0.0682851821
  4.42	  0.0730346367
  4.43	  0.0777483284
  4.44	  0.0824239701
  4.45	  0.0870592669
  4.46	  0.0916519538
  4.47	  0.0961998031
  4.48	  0.1007005796
  4.49	  0.1051521003
  4.50	  0.1095521897
  4.51	  0.1138987094
  4.52	  0.1181895360
  4.53	  0.1224225834
  4.54	  0.1265957952
  4.55	  0.1307071447
  4.56	  0.1347546279
  4.57	  0.1387362778
  4.58	  0.1426501572
  4.59	  0.1464943886
  4.60	  0.1502670795
  4.61	  0.1539664268
  4.62	  0.1575906277
  4.63	  0.1611379385
  4.64	  0.1646066159
  4.65	  0.1679950058
  4.66	  0.1713014692
  4.67	  0.1745243967
  4.68	  0.1776622534
  4.69	  0.1807135046
  4.70	  0.1836766750
  4.71	  0.1865503639
  4.72	  0.1893331707
  4.73	  0.1920237541
  4.74	  0.1946208328
  4.75	  0.1971231401
  4.76	  0.1995294839
  4.77	  0.2018387020
  4.78	  0.2040496916
  4.79	  0.2061613947
  4.80	  0.2081727833
  4.81	  0.2100829035
  4.82	  0.2118908465
  4.83	  0.2135957330
  4.84	  0.2151967436
  4.85	  0.2166931331
  4.86	  0.2180841714
  4.87	  0.2193691880
  4.88	  0.2205475718
  4.89	  0.2216187567
  4.90	  0.2225822508
  4.91	  0.2234375626
  4.92	  0.2241843045
  4.93	  0.2248221189
  4.94	  0.2253506929
  4.95	  0.2257697731
  4.96	  0.2260791659
  4.97	  0.2262787223
  4.98	  0.2263683528
  4.99	  0.2263479978
  5.00	  0.2262176871
  5.01	  0.2259774655
  5.02	  0.2256274521
  5.03	  0.2251678258
  5.04	  0.2245987803
  5.05	  0.2239206135
  5.06	  0.2231336534
  5.07	  0.2222382426
  5.08	  0.2212348431
  5.09	  0.2201239169
  5.10	  0.2189060003
  5.11	  0.2175816745
  5.12	  0.2161515653
  5.13	  0.2146163732
  5.14	  0.2129768133
  5.15	  0.2112336904
  5.16	  0.2093878388
  5.17	  0.2074401230
  5.18	  0.2053914964
  5.19	  0.2032429278
  5.20	  0.2009954602
  5.21	  0.1986501664
  5.22	  0.1962081641
  5.23	  0.1936706454
  5.24	  0.1910388172
  5.25	  0.1883139461
  5.26	  0.1854973435
  5.27	  0.1825903803
  5.28	  0.1795944273
  5.29	  0.1765109599
  5.30	  0.1733414382
  5.31	  0.1700874120
  5.32	  0.1667504460
  5.33	  0.1633321345
  5.34	  0.1598341614
  5.35	  0.1562581956
  5.36	  0.1526059806
  5.37	  0.1488792747
  5.38	  0.1450798959
  5.39	  0.1412096620
  5.40	  0.1372704655
  5.41	  0.1332642287
  5.42	  0.1291928887
  5.43	  0.1250584126
  5.44	  0.1208628118
  5.45	  0.1166081354
  5.46	  0.1122964546
  5.47	  0.1079298630
  5.48	  0.1035104841
  5.49	  0.0990404859
  5.50	  0.0945220292
  5.51	  0.0899573267
  5.52	  0.0853486061
  5.53	  0.0806981102
  5.54	  0.0760081187
  5.55	  0.0712809190
  5.56	  0.0665188208
  5.57	  0.0617241561
  5.58	  0.0568992645
  5.59	  0.0520465039
  5.60	  0.0471682549
  5.61	  0.0422669016
  5.62	  0.0373448431
  5.63	  0.0324044898
  5.64	  0.0274482593
  5.65	  0.0224785823
  5.66	  0.0174978934
  5.67	  0.0125086289
  5.68	  0.0075132363
  5.69	  0.0025141621
  5.70	  -0.0024861440
  5.71	  -0.0074852319
  5.72	  -0.0124806520
  5.73	  -0.0174699575
  5.74	  -0.0224507023
  5.75	  -0.0274204463
  5.76	  -0.0323767588
  5.77	  -0.0373172052
  5.78	  -0.0422393754
  5.79	  -0.0471408516
  5.80	  -0.0520192385
  5.81	  -0.0568721443
  5.82	  -0.0616971999
  5.83	  -0.0664920434
  5.84	  -0.0712543279
  5.85	  -0.0759817287
  5.86	  -0.0806719363
  5.87	  -0.0853226557
  5.88	  -0.0899316221
  5.89	  -0.0944965780
  5.90	  -0.0990152955
  5.91	  -0.1034855768
  5.92	  -0.1079052463
  5.93	  -0.1122721359
  5.94	  -0.1165841371
  5.95	  -0.1208391339
  5.96	  -0.1250350624
  5.97	  -0.1291698962
  5.98	  -0.1332415938
  5.99	  -0.1372482032
  6.00	  -0.1411877722
  6.01	  -0.1450583935
  6.02	  -0.1488581896
  6.03	  -0.1525852978
  6.04	  -0.1562379450
  6.05	  -0.1598143429
  6.06	  -0.1633127630
  6.07	  -0.1667315066
  6.08	  -0.1700689346
  6.09	  -0.1733234376
  6.10	  -0.1764934361
  6.11	  -0.1795773953
  6.12	  -0.1825738251
  6.13	  -0.1854813099
  6.14	  -0.1882984191
  6.15	  -0.1910237968
  6.16	  -0.1936561614
  6.17	  -0.1961942166
  6.18	  -0.1986367404
  6.19	  -0.2009825855
  6.20	  -0.2032306045
  6.21	  -0.2053797394
  6.22	  -0.2074289322
  6.23	  -0.2093771994
  6.24	  -0.2112236321
  6.25	  -0.2129673362
  6.26	  -0.2146074772
  6.27	  -0.2161432505
  6.28	  -0.2175739557
  6.29	  -0.2188988775
  6.30	  -0.2201173902
  6.31	  -0.2212289125
  6.32	  -0.2222329229
  6.33	  -0.2231289297
  6.34	  -0.2239165157
  6.35	  -0.2245952934
  6.36	  -0.2251649350
  6.37	  -0.2256251872
  6.38	  -0.2259758115
  6.39	  -0.2262166440
  6.40	  -0.2263475806
  6.41	  -0.2263685465
  6.42	  -0.2262795419
  6.43	  -0.2260805964
  6.44	  -0.2257718146
  6.45	  -0.2253533453
  6.46	  -0.2248253822
  6.47	  -0.2241881937
  6.48	  -0.2234420478
  6.49	  -0.2225873470
  6.50	  -0.2216244638
  6.51	  -0.2205538750
  6.52	  -0.2193760872
  6.53	  -0.2180916667
  6.54	  -0.2167012244
  6.55	  -0.2152054310
  6.56	  -0.2136049867
  6.57	  -0.2119006813
  6.58	  -0.2100933194
  6.59	  -0.2081837654
  6.60	  -0.2061729431
  6.61	  -0.2040618062
  6.62	  -0.2018513680
  6.63	  -0.1995426863
  6.64	  -0.1971368939
  6.65	  -0.1946351230
  6.66	  -0.1920385808
  6.67	  -0.1893485039
  6.68	  -0.1865662187
  6.69	  -0.1836930364
  6.70	  -0.1807303429
  6.71	  -0.1776795834
  6.72	  -0.1745422184
  6.73	  -0.1713197678
  6.74	  -0.1680137664
  6.75	  -0.1646258235
  6.76	  -0.1611575931
  6.77	  -0.1576107293
  6.78	  -0.1539869457
  6.79	  -0.1502880156
  6.80	  -0.1465157270
  6.81	  -0.1426718980
  6.82	  -0.1387583911
  6.83	  -0.1347771138
  6.84	  -0.1307300031
  6.85	  -0.1266190112
  6.86	  -0.1224461347
  6.87	  -0.1182134151
  6.88	  -0.1139229089
  6.89	  -0.1095766947
  6.90	  -0.1051769033
  6.91	  -0.1007256657
  6.92	  -0.0962251574
  6.93	  -0.0916775689
  6.94	  -0.0870851204
  6.95	  -0.0824500546
  6.96	  -0.0777746364
  6.97	  -0.0730611458
  6.98	  -0.0683118924
  6.99	  -0.0635291860
  7.00	  -0.0587153733
  7.01	  -0.0538728051
  7.02	  -0.0490038544
  7.03	  -0.0441108979
  7.04	  -0.0391963348
  7.05	  -0.0342625715
  7.06	  -0.0293120239
  7.07	  -0.0243471153
  7.08	  -0.0193702765
  7.09	  -0.0143839484
  7.10	  -0.0093905712
  7.11	  -0.0043925927
  7.12	  0.0006075379
  7.13	  0.0056073708
  7.14	  0.0106044561
  7.15	  0.0155963451
  7.16	  0.0205805935
  7.17	  0.0255547557
  7.18	  0.0305163991
  7.19	  0.0354630910
  7.20	  0.0403924100
  7.21	  0.0453019440
  7.22	  0.0501892865
  7.23	  0.0550520457
  7.24	  0.0598878413
  7.25	  0.0646943152
  7.26	  0.0694691017
  7.27	  0.0742098838
  7.28	  0.0789143369
  7.29	  0.0835801587
  7.30	  0.0882050693
  7.31	  0.0927868262
  7.32	  0.0973231718
  7.33	  0.1018119082
  7.34	  0.1062508449
  7.35	  0.1106378213
  7.36	  0.1149706841
  7.37	  0.1192473471
  7.38	  0.1234657094
  7.39	  0.1276237220
  7.40	  0.1317193806
  7.41	  0.1357506812
  7.42	  0.1397156715
  7.43	  0.1436124146
  7.44	  0.1474390328
  7.45	  0.1511936635
  7.46	  0.1548744887
  7.47	  0.1584797353
  7.48	  0.1620076597
  7.49	  0.1654565334
  7.50	  0.1688247025
  7.51	  0.1721105427
  7.52	  0.1753124744
  7.53	  0.1784289330
  7.54	  0.1814584285
  7.55	  0.1843994856
  7.56	  0.1872507185
  7.57	  0.1900107116
  7.58	  0.1926781684
  7.59	  0.1952518076
  7.60	  0.1977303624
  7.61	  0.2001126707
  7.62	  0.2023975700
  7.63	  0.2045839727
  7.64	  0.2066708207
  7.65	  0.2086571306
  7.66	  0.2105419338
  7.67	  0.2123243362
  7.68	  0.2140034735
  7.69	  0.2155785412
  7.70	  0.2170488089
  7.71	  0.2184135467
  7.72	  0.2196721137
  7.73	  0.2208238989
  7.74	  0.2218683660
  7.75	  0.2228049934
  7.76	  0.2236333638
  7.77	  0.2243530601
  7.78	  0.2249637395
  7.79	  0.2254651189
  7.80	  0.2258569449
  7.81	  0.2261390388
  7.82	  0.2263112813
  7.83	  0.2263735682
  7.84	  0.2263258696
  7.85	  0.2261682302
  7.86	  0.2259006947
  7.87	  0.2255234122
  7.88	  0.2250365615
  7.89	  0.2244403809
  7.90	  0.2237351239
  7.91	  0.2229211628
  7.92	  0.2219988704
  7.93	  0.2209686935
  7.94	  0.2198311090
  7.95	  0.2185866833
  7.96	  0.2172359973
  7.97	  0.2157797068
  7.98	  0.2142184973
  7.99	  0.2125531286
  8.00	  0.2107843757
  8.01	  0.2089131176
  8.02	  0.2069402188
  8.03	  0.2048666626
  8.04	  0.2026934028
  8.05	  0.2004215121
  8.06	  0.1980520636
  8.07	  0.1955862194
  8.08	  0.1930251271
  8.09	  0.1903700531
  8.10	  0.1876222491
  8.11	  0.1847830564
  8.12	  0.1818538457
  8.13	  0.1788360029
  8.14	  0.1757309884
  8.15	  0.1725403219
  8.16	  0.1692655236
  8.17	  0.1659081876
  8.18	  0.1624699235
  8.19	  0.1589524001
  8.20	  0.1553573161
  8.21	  0.1516864151
  8.22	  0.1479414701
  8.23	  0.1441242993
  8.24	  0.1402367502
  8.25	  0.1362807155
  8.26	  0.1322581023
  8.27	  0.1281708777
  8.28	  0.1240210161
  8.29	  0.1198105440
  8.30	  0.1155415028
  8.31	  0.1112159714
  8.32	  0.1068360582
  8.33	  0.1024038941
  8.34	  0.0979216397
  8.35	  0.0933914781
  8.36	  0.0888156220
  8.37	  0.0841963068
  8.38	  0.0795357823
  8.39	  0.0748363286
  8.40	  0.0701002330
  8.41	  0.0653298274
  8.42	  0.0605274215
  8.43	  0.0556953810
  8.44	  0.0508360639
  8.45	  0.0459518470
  8.46	  0.0410451218
  8.47	  0.0361182876
  8.48	  0.0311737619
  8.49	  0.0262139644
  8.50	  0.0212413222
  8.51	  0.0162582714
  8.52	  0.0112672560
  8.53	  0.0062707197
  8.54	  0.0012711103
  8.55	  -0.0037291218
  8.56	  -0.0087275263
  8.57	  -0.0137216551
  8.58	  -0.0187090598
  8.59	  -0.0236872975
  8.60	  -0.0286539309
  8.61	  -0.0336065255
  8.62	  -0.0385426544
  8.63	  -0.0434599034
  8.64	  -0.0483558625
  8.65	  -0.0532281399
  8.66	  -0.0580743439
  8.67	  -0.0628921092
  8.68	  -0.0676790774
  8.69	  -0.0724329054
  8.70	  -0.0771512762
  8.71	  -0.0818318799
  8.72	  -0.0864724293
  8.73	  -0.0910706595
  8.74	  -0.0956243277
  8.75	  -0.1001312137
  8.76	  -0.1045891121
  8.77	  -0.1089958623
  8.78	  -0.1133493036
  8.79	  -0.1176473275
  8.80	  -0.1218878329
  8.81	  -0.1260687709
  8.82	  -0.1301880777
  8.83	  -0.1342437863
  8.84	  -0.1382339150
  8.85	  -0.1421565264
  8.86	  -0.1460097134
  8.87	  -0.1497915983
  8.88	  -0.1535003781
  8.89	  -0.1571342200
  8.90	  -0.1606913954
  8.91	  -0.1641701609
  8.92	  -0.1675688475
  8.93	  -0.1708858162
  8.94	  -0.1741194427
  8.95	  -0.1772681922
  8.96	  -0.1803305298
  8.97	  -0.1833049953
  8.98	  -0.1861901283
  8.99	  -0.1889845580
  9.00	  -0.1916869432
  9.01	  -0.1942959726
  9.02	  -0.1968103945
  9.03	  -0.1992290020
  9.04	  -0.2015506178
  9.05	  -0.2037741542
  9.06	  -0.2058985382
  9.07	  -0.2079227269
  9.08	  -0.2098457813
  9.09	  -0.2116667479
  9.10	  -0.2133847773
  9.11	  -0.2149990499
  9.12	  -0.2165087610
  9.13	  -0.2179132253
  9.14	  -0.2192117572
  9.15	  -0.2204037309
  9.16	  -0.2214885801
  9.17	  -0.2224657834
  9.18	  -0.2233348638
  9.19	  -0.2240954340
  9.20	  -0.2247471064
  9.21	  -0.2252895832
  9.22	  -0.2257225960
  9.23	  -0.2260459363
  9.24	  -0.2262594551
  9.25	  -0.2263630629
  9.26	  -0.2263566852
  9.27	  -0.2262403518
  9.28	  -0.2260140926
  9.29	  -0.2256780267
  9.30	  -0.2252323180
  9.31	  -0.2246771753
  9.32	  -0.2240128666
  9.33	  -0.2232397050
  9.34	  -0.2223580629
  9.35	  -0.2213683575
  9.36	  -0.2202710658
  9.37	  -0.2190667093
  9.38	  -0.2177558690
  9.39	  -0.2163391858
  9.40	  -0.2148173004
  9.41	  -0.2131909728
  9.42	  -0.2114609629
  9.43	  -0.2096281201
  9.44	  -0.2076932937
  9.45	  -0.2056574374
  9.46	  -0.2035215199
  9.47	  -0.2012865692
  9.48	  -0.1989536434
  9.49	  -0.1965238750
  9.50	  -0.1939984262
  9.51	  -0.1913785040
  9.52	  -0.1886653900
  9.53	  -0.1858603805
  9.54	  -0.1829648167
  9.55	  -0.1799800992
  9.56	  -0.1769076735
  9.57	  -0.1737490147
  9.58	  -0.1705056280
  9.59	  -0.1671791226
  9.60	  -0.1637710631
  9.61	  -0.1602831185
  9.62	  -0.1567169726
  9.63	  -0.1530743539
  9.64	  -0.1493570209
  9.65	  -0.1455667615
  9.66	  -0.1417054385
  9.67	  -0.1377749145
  9.68	  -0.1337770820
  9.69	  -0.1297138929
  9.70	  -0.1255873442
  9.71	  -0.1213993952
  9.72	  -0.1171521172
  9.73	  -0.1128475666
  9.74	  -0.1084878370
  9.75	  -0.1040750518
  9.76	  -0.0996113569
  9.77	  -0.0950989425
  9.78	  -0.0905399919
  9.79	  -0.0859367400
  9.80	  -0.0812914297
  9.81	  -0.0766063333
  9.82	  -0.0718837380
  9.83	  -0.0671259463
  9.84	  -0.0623352900
  9.85	  -0.0575141087
  9.86	  -0.0526647605
  9.87	  -0.0477896184
  9.88	  -0.0428910665
  9.89	  -0.0379715078
  9.90	  -0.0330333449
  9.91	  -0.0280789994
  9.92	  -0.0231108963
  9.93	  -0.0181314722
  9.94	  -0.0131431622
  9.95	  -0.0081484122
  9.96	  -0.0031496705
  9.97	  0.0018506150
  9.98	  0.0068499935
  9.99	  0.0118460162
  10.00	  0.0168362334
  10.01	  0.0218182020
  10.02	  0.0267894808
  10.03	  0.0317476355
  10.04	  0.0366902314
  10.05	  0.0416148566
  10.06	  0.0465190969
  10.07	  0.0514005534
  10.08	  0.0562568307
  10.09	  0.0610855557
  10.10	  0.0658843741
  10.11	  0.0706509277
  10.12	  0.0753828883
  10.13	  0.0800779536
  10.14	  0.0847338140
  10.15	  0.0893482119
  10.16	  0.0939188823
  10.17	  0.0984436050
  10.18	  0.1029201597
  10.19	  0.1073463783
  10.20	  0.1117201000
  10.21	  0.1160391942
  10.22	  0.1203015521
  10.23	  0.1245051026
  10.24	  0.1286478043
  10.25	  0.1327276528
  10.26	  0.1367426366
  10.27	  0.1406908333
  10.28	  0.1445703208
  10.29	  0.1483792216
  10.30	  0.1521156728
  10.31	  0.1557778865
  10.32	  0.1593640596
  10.33	  0.1628724933
  10.34	  0.1663014591
  10.35	  0.1696493179
  10.36	  0.1729144454
  10.37	  0.1760952622
  10.38	  0.1791902483
  10.39	  0.1821978837
  10.40	  0.1851167530
  10.41	  0.1879454255
  10.42	  0.1906825304
  10.43	  0.1933267862
  10.44	  0.1958768964
  10.45	  0.1983316392
  10.46	  0.2006898373
  10.47	  0.2029503435
  10.48	  0.2051120996
  10.49	  0.2071740478
  10.50	  0.2091352046
  10.51	  0.2109946311
  10.52	  0.2127514482
  10.53	  0.2144047767
  10.54	  0.2159538716
  10.55	  0.2173979580
  10.56	  0.2187363654
  10.57	  0.2199684381
  10.58	  0.2210935950
  10.59	  0.2221112996
  10.60	  0.2230210602
  10.61	  0.2238224447
  10.62	  0.2245150656
  10.63	  0.2250985950
  10.64	  0.2255727649
  10.65	  0.2259373218
  10.66	  0.2261921316
  10.67	  0.2263370305
  10.68	  0.2263719738
  10.69	  0.2262969464
  10.70	  0.2261119783
  10.71	  0.2258171439
  10.72	  0.2254126072
  10.73	  0.2248985618
  10.74	  0.2242752314
  10.75	  0.2235429138
  10.76	  0.2227019817
  10.77	  0.2217528224
  10.78	  0.2206958979
  10.79	  0.2195317149
  10.80	  0.2182608098
  10.81	  0.2168838084
  10.82	  0.2154013664
  10.83	  0.2138141841
  10.84	  0.2121230364
  10.85	  0.2103287280
  10.86	  0.2084321082
  10.87	  0.2064341009
  10.88	  0.2043356597
  10.89	  0.2021377832
  10.90	  0.1998415440
  10.91	  0.1974480152
  10.92	  0.1949583739
  10.93	  0.1923738122
  10.94	  0.1896955669
  10.95	  0.1869249195
  10.96	  0.1840632111
  10.97	  0.1811118275
  10.98	  0.1780721843
  10.99	  0.1749457419
  11.00	  0.1717340052
  11.01	  0.1684385389
  11.02	  0.1650609374
  11.03	  0.1616028100
  11.04	  0.1580658406
  11.05	  0.1544517428
  11.06	  0.1507622749
  11.07	  0.1469991952
  11.08	  0.1431643516
  11.09	  0.1392596066
  11.10	  0.1352868378
  11.11	  0.1312479824
  11.12	  0.1271449924
  11.13	  0.1229798794
  11.14	  0.1187546477
  11.15	  0.1144713685
  11.16	  0.1101321280
  11.17	  0.1057390198
  11.18	  0.1012942046
  11.19	  0.0967998356
  11.20	  0.0922581106
  11.21	  0.0876712427
  11.22	  0.0830414668
  11.23	  0.0783710480
  11.24	  0.0736622736
  11.25	  0.0689174309
  11.26	  0.0641388521
  11.27	  0.0593288578
  11.28	  0.0544898137
  11.29	  0.0496240854
  11.30	  0.0447340496
  11.31	  0.0398220979
  11.32	  0.0348906443
  11.33	  0.0299420934
  11.34	  0.0249788743
  11.35	  0.0200034175
  11.36	  0.0150181586
  11.37	  0.0100255422
  11.38	  0.0050280127
  11.39	  0.0000280199
  11.40	  -0.0049719866
  11.41	  -0.0099695576
  11.42	  -0.0149622429
  11.43	  -0.0199475978
  11.44	  -0.0249231774
  11.45	  -0.0298865475
  11.46	  -0.0348352753
  11.47	  -0.0397669338
  11.48	  -0.0446791165
  11.49	  -0.0495694131
  11.50	  -0.0544354282
  11.51	  -0.0592747852
  11.52	  -0.0640851110
  11.53	  -0.0688640624
  11.54	  -0.0736092925
  11.55	  -0.0783184841
  11.56	  -0.0829893425
  11.57	  -0.0876195878
  11.58	  -0.0922069475
  11.59	  -0.0967491940
  11.60	  -0.1012441069
  11.61	  -0.1056894884
  11.62	  -0.1100831851
  11.63	  -0.1144230515
  11.64	  -0.1187069640
  11.65	  -0.1229328513
  11.66	  -0.1270986497
  11.67	  -0.1312023550
  11.68	  -0.1352419406
  11.69	  -0.1392154545
  11.70	  -0.1431209743
  11.71	  -0.1469566077
  11.72	  -0.1507205069
  11.73	  -0.1544108093
  11.74	  -0.1580257565
  11.75	  -0.1615636051
  11.76	  -0.1650226116
  11.77	  -0.1684011370
  11.78	  -0.1716975421
  11.79	  -0.1749102175
  11.80	  -0.1780376136
  11.81	  -0.1810782552
  11.82	  -0.1840306371
  11.83	  -0.1868933439
  11.84	  -0.1896650195
  11.85	  -0.1923443079
  11.86	  -0.1949299425
  11.87	  -0.1974206567
  11.88	  -0.1998152584
  11.89	  -0.2021126002
  11.90	  -0.2043115795
  11.91	  -0.2064111382
  11.92	  -0.2084102780
  11.93	  -0.2103080302
  11.94	  -0.2121035010
  11.95	  -0.2137958109
  11.96	  -0.2153841555
  11.97	  -0.2168677747
  11.98	  -0.2182459682
  11.99	  -0.2195180506
  12.00	  -0.2206834406
  12.01	  -0.2217415869
  12.02	  -0.2226919532
  12.03	  -0.2235340923
  12.04	  -0.2242676169
  12.05	  -0.2248921692
  12.06	  -0.2254074514
  12.07	  -0.2258132249
  12.08	  -0.2261092812
  12.09	  -0.2262954861
  12.10	  -0.2263717502
  12.11	  -0.2263380289
  12.12	  -0.2261943668
  12.13	  -0.2259407938
  12.14	  -0.2255774587
  12.15	  -0.2251045108
  12.16	  -0.2245222032
  12.17	  -0.2238308042
  12.18	  -0.2230306417
  12.19	  -0.2221220881
  12.20	  -0.2211055905
  12.21	  -0.2199816406
  12.22	  -0.2187507600
  12.23	  -0.2174135447
  12.24	  -0.2159706354
  12.25	  -0.2144227177
  12.26	  -0.2127705514
  12.27	  -0.2110148966
  12.28	  -0.2091566175
  12.29	  -0.2071965933
  12.30	  -0.2051357627
  12.31	  -0.2029751241
  12.32	  -0.2007157058
  12.33	  -0.1983585954
  12.34	  -0.1959049404
  12.35	  -0.1933558881
  12.36	  -0.1907126904
  12.37	  -0.1879765987
  12.38	  -0.1851489544
  12.39	  -0.1822310984
  12.40	  -0.1792244315
  12.41	  -0.1761304289
  12.42	  -0.1729505658
  12.43	  -0.1696863621
  12.44	  -0.1663394272
  12.45	  -0.1629113555
  12.46	  -0.1594038159
  12.47	  -0.1558184922
  12.48	  -0.1521571279
  12.49	  -0.1484214962
  12.50	  -0.1446134150
  12.51	  -0.1407347023
  12.52	  -0.1367872655
  12.53	  -0.1327730119
  12.54	  -0.1286938787
  12.55	  -0.1245518699
  12.56	  -0.1203489900
  12.57	  -0.1160872802
  12.58	  -0.1117688119
  12.59	  -0.1073956937
  12.60	  -0.1029700488
  12.61	  -0.0984940454
  12.62	  -0.0939698517
  12.63	  -0.0893996805
  12.64	  -0.0847857594
  12.65	  -0.0801303536
  12.66	  -0.0754357129
  12.67	  -0.0707041547
  12.68	  -0.0659379736
  12.69	  -0.0611395091
  12.70	  -0.0563111044
  12.71	  -0.0514551215
  12.72	  -0.0465739369
  12.73	  -0.0416699387
  12.74	  -0.0367455259
  12.75	  -0.0318031162
  12.76	  -0.0268451236
  12.77	  -0.0218739789
  12.78	  -0.0168921165
  12.79	  -0.0119019784
  12.80	  -0.0069060074
  12.81	  -0.0019066528
  12.82	  0.0030936361
  12.83	  0.0080924090
  12.84	  0.0130872168
  12.85	  0.0180756114
  12.86	  0.0230551511
  12.87	  0.0280233938
  12.88	  0.0329779051
  12.89	  0.0379162617
  12.90	  0.0428360440
  12.91	  0.0477348454
  12.92	  0.0526102632
  12.93	  0.0574599132
  12.94	  0.0622814223
  12.95	  0.0670724362
  12.96	  0.0718306080
  12.97	  0.0765536129
  12.98	  0.0812391415
  12.99	  0.0858849138
  13.00	  0.0904886425
  13.01	  0.0950480998
  13.02	  0.0995610580
  13.03	  0.1040253043
  13.04	  0.1084386706
  13.05	  0.1127990112
  13.06	  0.1171041876
  13.07	  0.1213521212
  13.08	  0.1255407333
  13.09	  0.1296679974
  13.10	  0.1337319016
  13.11	  0.1377304792
  13.12	  0.1416617632
  13.13	  0.1455238760
  13.14	  0.1493149400
  13.15	  0.1530331075
  13.16	  0.1566765755
  13.17	  0.1602435857
  13.18	  0.1637324095
  13.19	  0.1671413779
  13.20	  0.1704688072
  13.21	  0.1737131327
  13.22	  0.1768727452
  13.23	  0.1799461544
  13.24	  0.1829318553
  13.25	  0.1858284324
  13.26	  0.1886344701
  13.27	  0.1913486123
  13.28	  0.1939695776
  13.29	  0.1964960992
  13.30	  0.1989269406
  13.31	  0.2012609541
  13.32	  0.2034970224
  13.33	  0.2056340575
  13.34	  0.2076710463
  13.35	  0.2096069902
  13.36	  0.2114409953
  13.37	  0.2131721526
  13.38	  0.2147996575
  13.39	  0.2163227051
  13.40	  0.2177405804
  13.41	  0.2190526128
  13.42	  0.2202581614
  13.43	  0.2213566452
  13.44	  0.2223475575
  13.45	  0.2232304215
  13.46	  0.2240047902
  13.47	  0.2246703357
  13.48	  0.2252267003
  13.49	  0.2256736308
  13.50	  0.2260109335
  13.51	  0.2262384146
  13.52	  0.2263559997
  13.53	  0.2263635993
  13.54	  0.2262612283
  13.55	  0.2260489464
  13.56	  0.2257268280
  13.57	  0.2252950370
  13.58	  0.2247537971
  13.59	  0.2241033465
  13.60	  0.2233439982
  13.61	  0.2224761099
  13.62	  0.2215001285
  13.63	  0.2204164863
  13.64	  0.2192257047
  13.65	  0.2179283649
  13.66	  0.2165250927
  13.67	  0.2150165439
  13.68	  0.2134034485
  13.69	  0.2116865814
  13.70	  0.2098667473
  13.71	  0.2079448402
  13.72	  0.2059217691
  13.73	  0.2037985176
  13.74	  0.2015760839
  13.75	  0.1992555559
  13.76	  0.1968380362
  13.77	  0.1943246722
  13.78	  0.1917167008
  13.79	  0.1890153587
  13.80	  0.1862219572
  13.81	  0.1833378226
  13.82	  0.1803643554
  13.83	  0.1773030013
  13.84	  0.1741552055
  13.85	  0.1709225178
  13.86	  0.1676064730
  13.87	  0.1642086953
  13.88	  0.1607308239
  13.89	  0.1571745127
  13.90	  0.1535415202
  13.91	  0.1498335749
  13.92	  0.1460524946
  13.93	  0.1422000974
  13.94	  0.1382782608
  13.95	  0.1342888772
  13.96	  0.1302338988
  13.97	  0.1261152774
  13.98	  0.1219350249
  13.99	  0.1176951751
  14.00	  0.1133977845
  14.01	  0.1090449467
  14.02	  0.1046387926
  14.03	  0.1001814455
  14.04	  0.0956751034
  14.05	  0.0911219493
  14.06	  0.0865242034
  14.07	  0.0818841159
  14.08	  0.0772039443
  14.09	  0.0724859908
  14.10	  0.0677325428
  14.11	  0.0629459321
  14.12	  0.0581284985
  14.13	  0.0532825999
  14.14	  0.0484106019
  14.15	  0.0435148962
  14.16	  0.0385978706
  14.17	  0.0336619392
  14.18	  0.0287095178
  14.19	  0.0237430278
  14.20	  0.0187649075
  14.21	  0.0137775913
  14.22	  0.0087835249
  14.23	  0.0037851539
  14.24	  -0.0012150713
  14.25	  -0.0062147011
  14.26	  -0.0112112863
  14.27	  -0.0162023772
  14.28	  -0.0211855303
  14.29	  -0.0261583012
  14.30	  -0.0311182588
  14.31	  -0.0360629670
  14.32	  -0.0409900136
  14.33	  -0.0458969772
  14.34	  -0.0507814586
  14.35	  -0.0556410700
  14.36	  -0.0604734309
  14.37	  -0.0652761757
  14.38	  -0.0700469613
  14.39	  -0.0747834519
  14.40	  -0.0794833302
  14.41	  -0.0841443017
  14.42	  -0.0887640938
  14.43	  -0.0933404490
  14.44	  -0.0978711322
  14.45	  -0.1023539305
  14.46	  -0.1067866683
  14.47	  -0.1111671850
  14.48	  -0.1154933348
  14.49	  -0.1197630167
  14.50	  -0.1239741594
  14.51	  -0.1281247139
  14.52	  -0.1322126538
  14.53	  -0.1362359971
  14.54	  -0.1401927918
  14.55	  -0.1440811157
  14.56	  -0.1478990912
  14.57	  -0.1516448557
  14.58	  -0.1553165913
  14.59	  -0.1589125395
  14.60	  -0.1624309421
  14.61	  -0.1658701003
  14.62	  -0.1692283601
  14.63	  -0.1725040823
  14.64	  -0.1756957024
  14.65	  -0.1788016856
  14.66	  -0.1818205118
  14.67	  -0.1847507358
  14.68	  -0.1875909418
  14.69	  -0.1903397739
  14.70	  -0.1929958910
  14.71	  -0.1955580413
  14.72	  -0.1980249733
  14.73	  -0.2003954947
  14.74	  -0.2026684880
  14.75	  -0.2048428506
  14.76	  -0.2069175392
  14.77	  -0.2088915706
  14.78	  -0.2107639760
  14.79	  -0.2125338763
  14.80	  -0.2142004073
  14.81	  -0.2157627940
  14.82	  -0.2172202617
  14.83	  -0.2185721397
  14.84	  -0.2198177576
  14.85	  -0.2209565341
  14.86	  -0.2219879180
  14.87	  -0.2229114324
  14.88	  -0.2237266153
  14.89	  -0.2244330794
  14.90	  -0.2250304967
  14.91	  -0.2255185694
  14.92	  -0.2258970737
  14.93	  -0.2261658311
  14.94	  -0.2263247222
  14.95	  -0.2263736427
  14.96	  -0.2263125926
  14.97	  -0.2261415869
  14.98	  -0.2258607149
  14.99	  -0.2254701108
  15.00	  -0.2249699533
  15.01	  -0.2243605107
  15.02	  -0.2236420363
  15.03	  -0.2228148878
  15.04	  -0.2218794525
  15.05	  -0.2208361924
  15.06	  -0.2196856141
  15.07	  -0.2184282392
  15.08	  -0.2170646936
  15.09	  -0.2155956030
  15.10	  -0.2140216976
  15.11	  -0.2123437226
  15.12	  -0.2105624825
  15.13	  -0.2086788118
  15.14	  -0.2066936493
  15.15	  -0.2046079189
  15.16	  -0.2024226189
  15.17	  -0.2001388222
  15.18	  -0.1977576017
  15.19	  -0.1952801049
  15.20	  -0.1927075386
  15.21	  -0.1900411248
  15.22	  -0.1872821450
  15.23	  -0.1844319403
  15.24	  -0.1814918816
  15.25	  -0.1784633696
  15.26	  -0.1753478795
  15.27	  -0.1721469015
  15.28	  -0.1688619852
  15.29	  -0.1654947251
  15.30	  -0.1620467454
  15.31	  -0.1585197151
  15.32	  -0.1549153179
  15.33	  -0.1512353271
  15.34	  -0.1474815160
  15.35	  -0.1436556876
  15.36	  -0.1397597194
  15.37	  -0.1357954890
  15.38	  -0.1317649186
  15.39	  -0.1276699752
  15.40	  -0.1235126480
  15.41	  -0.1192949489
  15.42	  -0.1150189340
  15.43	  -0.1106866822
  15.44	  -0.1063003018
  15.45	  -0.1018619388
  15.46	  -0.0973737463
  15.47	  -0.0928379148
  15.48	  -0.0882566646
  15.49	  -0.0836322159
  15.50	  -0.0789668411
  15.51	  -0.0742628127
  15.52	  -0.0695224255
  15.53	  -0.0647480041
  15.54	  -0.0599418767
  15.55	  -0.0551063940
  15.56	  -0.0502439216
  15.57	  -0.0453568436
  15.58	  -0.0404475480
  15.59	  -0.0355184376
  15.60	  -0.0305719245
  15.61	  -0.0256104358
  15.62	  -0.0206363983
  15.63	  -0.0156522505
  15.64	  -0.0106604341
  15.65	  -0.0056633931
  15.66	  -0.0006635775
  15.67	  0.0043365634
  15.68	  0.0093345791
  15.69	  0.0143280216
  15.70	  0.0193144437
  15.71	  0.0242914017
  15.72	  0.0292564575
  15.73	  0.0342071801
  15.74	  0.0391411446
  15.75	  0.0440559350
  15.76	  0.0489491448
  15.77	  0.0538183786
  15.78	  0.0586612560
  15.79	  0.0634754077
  15.80	  0.0682584718
  15.81	  0.0730081201
  15.82	  0.0777220204
  15.83	  0.0823978782
  15.84	  0.0870334059
  15.85	  0.0916263461
  15.86	  0.0961744487
  15.87	  0.1006754935
  15.88	  0.1051272973
  15.89	  0.1095276847
  15.90	  0.1138745025
  15.91	  0.1181656495
  15.92	  0.1223990321
  15.93	  0.1265725791
  15.94	  0.1306842715
  15.95	  0.1347321272
  15.96	  0.1387141496
  15.97	  0.1426284164
  15.98	  0.1464730501
  15.99	  0.1502461433
  16.00	  0.1539459080
  16.01	  0.1575705409
  16.02	  0.1611182690
  16.03	  0.1645874083
  16.04	  0.1679762453
  16.05	  0.1712831706
  16.06	  0.1745065749
  16.07	  0.1776449084
  16.08	  0.1806966513
  16.09	  0.1836603284
  16.10	  0.1865345240
  16.11	  0.1893178374
  16.12	  0.1920089424
  16.13	  0.1946065426
  16.14	  0.1971093863
  16.15	  0.1995162666
  16.16	  0.2018260360
  16.17	  0.2040375769
  16.18	  0.2061498314
  16.19	  0.2081617862
  16.20	  0.2100724876
  16.21	  0.2118809968
  16.22	  0.2135864645
  16.23	  0.2151880711
  16.24	  0.2166850418
  16.25	  0.2180766612
  16.26	  0.2193622738
  16.27	  0.2205412686
  16.28	  0.2216130644
  16.29	  0.2225771546
  16.30	  0.2234330773
  16.31	  0.2241804302
  16.32	  0.2248188555
  16.33	  0.2253480405
  16.34	  0.2257677317
  16.35	  0.2260777503
  16.36	  0.2262779176
  16.37	  0.2263681591
  16.38	  0.2263484150
  16.39	  0.2262187153
  16.40	  0.2259791195
  16.41	  0.2256297171
  16.42	  0.2251707017
  16.43	  0.2246022820
  16.44	  0.2239247262
  16.45	  0.2231383622
  16.46	  0.2222435623
  16.47	  0.2212407738
  16.48	  0.2201304436
  16.49	  0.2189131230
  16.50	  0.2175893933
  16.51	  0.2161598802
  16.52	  0.2146252692
  16.53	  0.2129862905
  16.54	  0.2112437487
  16.55	  0.2093984634
  16.56	  0.2074513137
  16.57	  0.2054032534
  16.58	  0.2032552510
  16.59	  0.2010083199
  16.60	  0.1986635774
  16.61	  0.1962221116
  16.62	  0.1936851293
  16.63	  0.1910538226
  16.64	  0.1883294731
  16.65	  0.1855133772
  16.66	  0.1826069057
  16.67	  0.1796114594
  16.68	  0.1765284687
  16.69	  0.1733594388
  16.70	  0.1701058745
  16.71	  0.1667693704
  16.72	  0.1633515209
  16.73	  0.1598539799
  16.74	  0.1562784463
  16.75	  0.1526266485
  16.76	  0.1489003599
  16.77	  0.1451013833
  16.78	  0.1412315369
  16.79	  0.1372927278
  16.80	  0.1332868636
  16.81	  0.1292158812
  16.82	  0.1250817478
  16.83	  0.1208864897
  16.84	  0.1166321412
  16.85	  0.1123207733
  16.86	  0.1079544798
  16.87	  0.1035353914
  16.88	  0.0990656689
  16.89	  0.0945474803
  16.90	  0.0899830312
  16.91	  0.0853745490
  16.92	  0.0807242841
  16.93	  0.0760345086
  16.94	  0.0713075101
  16.95	  0.0665455982
  16.96	  0.0617511086
  16.97	  0.0569263771
  16.98	  0.0520737693
  16.99	  0.0471956544
  17.00	  0.0422944240
  17.01	  0.0373724774
  17.02	  0.0324322172
  17.03	  0.0274760723
  17.04	  0.0225064643
  17.05	  0.0175258294
  17.06	  0.0125366058
  17.07	  0.0075412407
  17.08	  0.0025421802
  17.09	  -0.0024581258
  17.10	  -0.0074572274
  17.11	  -0.0124526750
  17.12	  -0.0174420215
  17.13	  -0.0224228203
  17.14	  -0.0273926333
  17.15	  -0.0323490277
  17.16	  -0.0372895710
  17.17	  -0.0422118492
  17.18	  -0.0471134484
  17.19	  -0.0519919693
  17.20	  -0.0568450280
  17.21	  -0.0616702475
  17.22	  -0.0664652660
  17.23	  -0.0712277442
  17.24	  -0.0759553462
  17.25	  -0.0806457624
  17.26	  -0.0852967128
  17.27	  -0.0899059176
  17.28	  -0.0944711193
  17.29	  -0.0989901051
  17.30	  -0.1034606695
  17.31	  -0.1078806221
  17.32	  -0.1122478172
  17.33	  -0.1165601313
  17.34	  -0.1208154559
  17.35	  -0.1250117272
  17.36	  -0.1291468889
  17.37	  -0.1332189590
  17.38	  -0.1372259408
  17.39	  -0.1411658973
  17.40	  -0.1450369060
  17.41	  -0.1488370895
  17.42	  -0.1525646299
  17.43	  -0.1562176943
  17.44	  -0.1597945094
  17.45	  -0.1632933766
  17.46	  -0.1667125821
  17.47	  -0.1700504720
  17.48	  -0.1733054370
  17.49	  -0.1764759123
  17.50	  -0.1795603484
  17.51	  -0.1825572848
  17.52	  -0.1854652613
  17.53	  -0.1882828921
  17.54	  -0.1910087913
  17.55	  -0.1936416626
  17.56	  -0.1961802542
  17.57	  -0.1986233294
  17.58	  -0.2009697109
  17.59	  -0.2032182813
  17.60	  -0.2053679675
  17.61	  -0.2074177265
  17.62	  -0.2093665749
  17.63	  -0.2112135738
  17.64	  -0.2129578590
  17.65	  -0.2145985663
  17.66	  -0.2161349356
  17.67	  -0.2175662220
  17.68	  -0.2188917398
  17.69	  -0.2201108634
  17.70	  -0.2212229818
  17.71	  -0.2222276032
  17.72	  -0.2231242210
  17.73	  -0.2239124030
  17.74	  -0.2245917916
  17.75	  -0.2251620442
  17.76	  -0.2256229073
  17.77	  -0.2259741426
  17.78	  -0.2262156010
  17.79	  -0.2263471484
  17.80	  -0.2263687402
  17.81	  -0.2262803465
  17.82	  -0.2260820121
  17.83	  -0.2257738560
  17.84	  -0.2253559977
  17.85	  -0.2248286456
  17.86	  -0.2241920680
  17.87	  -0.2234465331
  17.88	  -0.2225924283
  17.89	  -0.2216301560
  17.90	  -0.2205601633
  17.91	  -0.2193829864
  17.92	  -0.2180991471
  17.93	  -0.2167093009
  17.94	  -0.2152141035
  17.95	  -0.2136142403
  17.96	  -0.2119105160
  17.97	  -0.2101037353
  17.98	  -0.2081947476
  17.99	  -0.2061844915
  18.00	  -0.2040739059
  18.01	  -0.2018640190
  18.02	  -0.1995559037
  18.03	  -0.1971506476
  18.04	  -0.1946493983
  18.05	  -0.1920533925
  18.06	  -0.1893638372
  18.07	  -0.1865820587
  18.08	  -0.1837093830
  18.09	  -0.1807471961
  18.10	  -0.1776969284
  18.11	  -0.1745600402
  18.12	  -0.1713380516
  18.13	  -0.1680325270
  18.14	  -0.1646450460
  18.15	  -0.1611772478
  18.16	  -0.1576308161
  18.17	  -0.1540074646
  18.18	  -0.1503089517
  18.19	  -0.1465370655
  18.20	  -0.1426936388
  18.21	  -0.1387805194
  18.22	  -0.1347996145
  18.23	  -0.1307528615
  18.24	  -0.1266422123
  18.25	  -0.1224696860
  18.26	  -0.1182373017
  18.27	  -0.1139471084
  18.28	  -0.1096012071
  18.29	  -0.1052016988
  18.30	  -0.1007507443
  18.31	  -0.0962505043
  18.32	  -0.0917031765
  18.33	  -0.0871109739
  18.34	  -0.0824761465
  18.35	  -0.0778009444
  18.36	  -0.0730876625
  18.37	  -0.0683385953
  18.38	  -0.0635560751
  18.39	  -0.0587424301
  18.40	  -0.0539000146
  18.41	  -0.0490312055
  18.42	  -0.0441383794
  18.43	  -0.0392239317
  18.44	  -0.0342902690
  18.45	  -0.0293398071
  18.46	  -0.0243749712
  18.47	  -0.0193981938
  18.48	  -0.0144119114
  18.49	  -0.0094185667
  18.50	  -0.0044206074
  18.51	  0.0005795180
  18.52	  0.0055793594
  18.53	  0.0105764670
  18.54	  0.0155683924
  18.55	  0.0205526892
  18.56	  0.0255269166
  18.57	  0.0304886363
  18.58	  0.0354354195
  18.59	  0.0403648429
  18.60	  0.0452744924
  18.61	  0.0501619652
  18.62	  0.0550248697
  18.63	  0.0598608255
  18.64	  0.0646674633
  18.65	  0.0694424435
  18.66	  0.0741834193
  18.67	  0.0788880810
  18.68	  0.0835541263
  18.69	  0.0881792754
  18.70	  0.0927612707
  18.71	  0.0972978845
  18.72	  0.1017868966
  18.73	  0.1062261164
  18.74	  0.1106133834
  18.75	  0.1149465591
  18.76	  0.1192235425
  18.77	  0.1234422401
  18.78	  0.1276005954
  18.79	  0.1316966116
  18.80	  0.1357282698
  18.81	  0.1396936327
  18.82	  0.1435907632
  18.83	  0.1474177837
  18.84	  0.1511728317
  18.85	  0.1548540741
  18.86	  0.1584597528
  18.87	  0.1619881094
  18.88	  0.1654374301
  18.89	  0.1688060611
  18.90	  0.1720923632
  18.91	  0.1752947718
  18.92	  0.1784117073
  18.93	  0.1814416945
  18.94	  0.1843832582
  18.95	  0.1872349828
  18.96	  0.1899955124
  18.97	  0.1926634908
  18.98	  0.1952376366
  18.99	  0.1977167428
  19.00	  0.2000995874
  19.01	  0.2023850381
  19.02	  0.2045719922
  19.03	  0.2066594064
  19.04	  0.2086462826
  19.05	  0.2105316520
  19.06	  0.2123146355
  19.07	  0.2139943540
  19.08	  0.2155700177
  19.09	  0.2170408666
  19.10	  0.2184062004
  19.11	  0.2196653485
  19.12	  0.2208177447
  19.13	  0.2218628079
  19.14	  0.2228000462
  19.15	  0.2236290276
  19.16	  0.2243493199
  19.17	  0.2249606252
  19.18	  0.2254626006
  19.19	  0.2258550525
  19.20	  0.2261377722
  19.21	  0.2263106257
  19.22	  0.2263735235
  19.23	  0.2263264507
  19.24	  0.2261694223
  19.25	  0.2259024978
  19.26	  0.2255258411
  19.27	  0.2250396013
  19.28	  0.2244440168
  19.29	  0.2237393856
  19.30	  0.2229260355
  19.31	  0.2220043391
  19.32	  0.2209747583
  19.33	  0.2198377848
  19.34	  0.2185939550
  19.35	  0.2172438651
  19.36	  0.2157881558
  19.37	  0.2142275423
  19.38	  0.2125627398
  19.39	  0.2107945830
  19.40	  0.2089238912
  19.41	  0.2069515586
  19.42	  0.2048785537
  19.43	  0.2027058601
  19.44	  0.2004345208
  19.45	  0.1980656236
  19.46	  0.1956003010
  19.47	  0.1930397451
  19.48	  0.1903851926
  19.49	  0.1876379102
  19.50	  0.1847992241
  19.51	  0.1818705052
  19.52	  0.1788531542
  19.53	  0.1757486314
  19.54	  0.1725584418
  19.55	  0.1692841053
  19.56	  0.1659272313
  19.57	  0.1624894142
  19.58	  0.1589723229
  19.59	  0.1553776711
  19.60	  0.1517071873
  19.61	  0.1479626596
  19.62	  0.1441458911
  19.63	  0.1402587295
  19.64	  0.1363030672
  19.65	  0.1322808266
  19.66	  0.1281939596
  19.67	  0.1240444407
  19.68	  0.1198342964
  19.69	  0.1155655831
  19.70	  0.1112403646
  19.71	  0.1068607494
  19.72	  0.1024288684
  19.73	  0.0979468897
  19.74	  0.0934169963
  19.75	  0.0888413861
  19.76	  0.0842223093
  19.77	  0.0795620084
  19.78	  0.0748627633
  19.79	  0.0701268762
  19.80	  0.0653566495
  19.81	  0.0605544187
  19.82	  0.0557225347
  19.83	  0.0508633628
  19.84	  0.0459792800
  19.85	  0.0410726741
  19.86	  0.0361459479
  19.87	  0.0312015135
  19.88	  0.0262417942
  19.89	  0.0212692171
  19.90	  0.0162862185
  19.91	  0.0112952413
  19.92	  0.0062987288
  19.93	  0.0012991298
  19.94	  -0.0037011057
  19.95	  -0.0086995279
  19.96	  -0.0136936866
  19.97	  -0.0186811369
  19.98	  -0.0236594323
  19.99	  -0.0286261365
  20.00	  -0.0335788168
  20.01	  -0.0385150462
  20.02	  -0.0434324071
  20.03	  -0.0483284928
  20.04	  -0.0532009080
  20.05	  -0.0580472648
  20.06	  -0.0628651977
  20.07	  -0.0676523447
  20.08	  -0.0724063665
  20.09	  -0.0771249384
  20.10	  -0.0818057582
  20.11	  -0.0864465460
  20.12	  -0.0910450146
  20.13	  -0.0955989435
  20.14	  -0.1001060903
  20.15	  -0.1045642793
  20.16	  -0.1089713126
  20.17	  -0.1133250669
  20.18	  -0.1176234037
  20.19	  -0.1218642369
  20.20	  -0.1260455102
  20.21	  -0.1301651746
  20.22	  -0.1342212409
  20.23	  -0.1382117420
  20.24	  -0.1421347409
  20.25	  -0.1459883153
  20.26	  -0.1497706175
  20.27	  -0.1534797996
  20.28	  -0.1571140736
  20.29	  -0.1606716812
  20.30	  -0.1641508937
  20.31	  -0.1675500274
  20.32	  -0.1708674580
  20.33	  -0.1741015613
  20.34	  -0.1772507876
  20.35	  -0.1803136170
  20.36	  -0.1832885742
  20.37	  -0.1861742139
  20.38	  -0.1889691651
  20.39	  -0.1916720569
  20.40	  -0.1942816079
  20.41	  -0.1967965662
  20.42	  -0.1992157102
  20.43	  -0.2015378922
  20.44	  -0.2037619799
  20.45	  -0.2058869004
  20.46	  -0.2079116702
  20.47	  -0.2098352760
  20.48	  -0.2116568387
  20.49	  -0.2133754343
  20.50	  -0.2149902880
  20.51	  -0.2165005952
  20.52	  -0.2179056555
  20.53	  -0.2192047834
  20.54	  -0.2203973532
  20.55	  -0.2214827985
  20.56	  -0.2224605978
  20.57	  -0.2233303040
  20.58	  -0.2240914702
  20.59	  -0.2247437537
  20.60	  -0.2252868414
  20.61	  -0.2257204652
  20.62	  -0.2260444313
  20.63	  -0.2262585759
  20.64	  -0.2263627797
  20.65	  -0.2263570279
  20.66	  -0.2262413055
  20.67	  -0.2260156572
  20.68	  -0.2256802171
  20.69	  -0.2252351195
  20.70	  -0.2246805876
  20.71	  -0.2240168899
  20.72	  -0.2232443392
  20.73	  -0.2223632932
  20.74	  -0.2213741988
  20.75	  -0.2202775180
  20.76	  -0.2190737575
  20.77	  -0.2177635133
  20.78	  -0.2163474113
  20.79	  -0.2148261219
  20.80	  -0.2132003754
  20.81	  -0.2114709467
  20.82	  -0.2096386701
  20.83	  -0.2077044249
  20.84	  -0.2056691349
  20.85	  -0.2035337687
  20.86	  -0.2012993693
  20.87	  -0.1989669800
  20.88	  -0.1965377480
  20.89	  -0.1940128356
  20.90	  -0.1913934499
  20.91	  -0.1886808574
  20.92	  -0.1858763546
  20.93	  -0.1829812974
  20.94	  -0.1799970716
  20.95	  -0.1769251376
  20.96	  -0.1737669408
  20.97	  -0.1705240458
  20.98	  -0.1671979874
  20.99	  -0.1637903899
  21.00	  -0.1603028923
  21.01	  -0.1567371786
  21.02	  -0.1530949771
  21.03	  -0.1493780464
  21.04	  -0.1455882043
  21.05	  -0.1417272687
  21.06	  -0.1377971172
  21.07	  -0.1337996721
  21.08	  -0.1297368407
  21.09	  -0.1256106347
  21.10	  -0.1214230284
  21.11	  -0.1171760783
  21.12	  -0.1128718406
  21.13	  -0.1085124165
  21.14	  -0.1040999219
  21.15	  -0.0996365100
  21.16	  -0.0951243564
  21.17	  -0.0905656666
  21.18	  -0.0859626532
  21.19	  -0.0813175738
  21.20	  -0.0766326934
  21.21	  -0.0719102994
  21.22	  -0.0671527013
  21.23	  -0.0623622201
  21.24	  -0.0575412028
  21.25	  -0.0526920073
  21.26	  -0.0478170030
  21.27	  -0.0429185778
  21.28	  -0.0379991271
  21.29	  -0.0330610648
  21.30	  -0.0281068012
  21.31	  -0.0231387708
  21.32	  -0.0181594007
  21.33	  -0.0131711345
  21.34	  -0.0081764143
  21.35	  -0.0031776878
  21.36	  0.0018225960
  21.37	  0.0068219868
  21.38	  0.0118180346
  21.39	  0.0168082919
  21.40	  0.0217903126
  21.41	  0.0267616585
  21.42	  0.0317198932
  21.43	  0.0366625860
  21.44	  0.0415873192
  21.45	  0.0464916788
  21.46	  0.0513732657
  21.47	  0.0562296920
  21.48	  0.0610585809
  21.49	  0.0658575669
  21.50	  0.0706243068
  21.51	  0.0753564760
  21.52	  0.0800517499
  21.53	  0.0847078413
  21.54	  0.0893224701
  21.55	  0.0938933939
  21.56	  0.0984183773
  21.57	  0.1028952152
  21.58	  0.1073217243
  21.59	  0.1116957441
  21.60	  0.1160151437
  21.61	  0.1202778295
  21.62	  0.1244817153
  21.63	  0.1286247671
  21.64	  0.1327049583
  21.65	  0.1367203295
  21.66	  0.1406688988
  21.67	  0.1445487887
  21.68	  0.1483580768
  21.69	  0.1520949453
  21.70	  0.1557575762
  21.71	  0.1593441814
  21.72	  0.1628530473
  21.73	  0.1662824750
  21.74	  0.1696307808
  21.75	  0.1728963852
  21.76	  0.1760776788
  21.77	  0.1791731417
  21.78	  0.1821812838
  21.79	  0.1851006448
  21.80	  0.1879298240
  21.81	  0.1906674504
  21.82	  0.1933122277
  21.83	  0.1958628744
  21.84	  0.1983181536
  21.85	  0.2006768882
  21.86	  0.2029379606
  21.87	  0.2051002681
  21.88	  0.2071627676
  21.89	  0.2091245055
  21.90	  0.2109844983
  21.91	  0.2127418816
  21.92	  0.2143958062
  21.93	  0.2159454823
  21.94	  0.2173901647
  21.95	  0.2187291533
  21.96	  0.2199618369
  21.97	  0.2210875899
  21.98	  0.2221058905
  21.99	  0.2230162621
  22.00	  0.2238182575
  22.01	  0.2245114893
  22.02	  0.2250956297
  22.03	  0.2255704105
  22.04	  0.2259355932
  22.05	  0.2261909992
  22.06	  0.2263365239
  22.07	  0.2263720930
  22.08	  0.2262976766
  22.09	  0.2261133194
  22.10	  0.2258191109
  22.11	  0.2254151851
  22.12	  0.2249017358
  22.13	  0.2242790163
  22.14	  0.2235473245
  22.15	  0.2227070034
  22.16	  0.2217584550
  22.17	  0.2207021266
  22.18	  0.2195385247
  22.19	  0.2182682306
  22.20	  0.2168918103
  22.21	  0.2154099643
  22.22	  0.2138233632
  22.23	  0.2121327966
  22.24	  0.2103390694
  22.25	  0.2084430158
  22.26	  0.2064455748
  22.27	  0.2043476999
  22.28	  0.2021503747
  22.29	  0.1998546720
  22.30	  0.1974616945
  22.31	  0.1949725896
  22.32	  0.1923885643
  22.33	  0.1897108257
  22.34	  0.1869406998
  22.35	  0.1840794981
  22.36	  0.1811286062
  22.37	  0.1780894548
  22.38	  0.1749634892
  22.39	  0.1717522442
  22.40	  0.1684572399
  22.41	  0.1650800854
  22.42	  0.1616224051
  22.43	  0.1580858827
  22.44	  0.1544722021
  22.45	  0.1507831514
  22.46	  0.1470204890
  22.47	  0.1431860477
  22.48	  0.1392816752
  22.49	  0.1353092790
  22.50	  0.1312707961
  22.51	  0.1271681637
  22.52	  0.1230033860
  22.53	  0.1187784895
  22.54	  0.1144955307
  22.55	  0.1101565883
  22.56	  0.1057637855
  22.57	  0.1013192460
  22.58	  0.0968251526
  22.59	  0.0922836885
  22.60	  0.0876970664
  22.61	  0.0830675215
  22.62	  0.0783973336
  22.63	  0.0736887604
  22.64	  0.0689441189
  22.65	  0.0641657114
  22.66	  0.0593558960
  22.67	  0.0545170084
  22.68	  0.0496514179
  22.69	  0.0447615124
  22.70	  0.0398496799
  22.71	  0.0349183269
  22.72	  0.0299698655
  22.73	  0.0250067227
  22.74	  0.0200313274
  22.75	  0.0150461169
  22.76	  0.0100535341
  22.77	  0.0050560259
  22.78	  0.0000560398
  22.79	  -0.0049439739
  22.80	  -0.0099415649
  22.81	  -0.0149342846
  22.82	  -0.0199196860
  22.83	  -0.0248953290
  22.84	  -0.0298587736
  22.85	  -0.0348075889
  22.86	  -0.0397393517
  22.87	  -0.0446516499
  22.88	  -0.0495420732
  22.89	  -0.0544082336
  22.90	  -0.0592477433
  22.91	  -0.0640582442
  22.92	  -0.0688373744
  22.93	  -0.0735827982
  22.94	  -0.0782922059
  22.95	  -0.0829632804
  22.96	  -0.0875937566
  22.97	  -0.0921813697
  22.98	  -0.0967238694
  22.99	  -0.1012190506
  23.00	  -0.1056647226
  23.01	  -0.1100587100
  23.02	  -0.1143988818
  23.03	  -0.1186831221
  23.04	  -0.1229093373
  23.05	  -0.1270754784
  23.06	  -0.1311795264
  23.07	  -0.1352194846
  23.08	  -0.1391933709
  23.09	  -0.1430992931
  23.10	  -0.1469353139
  23.11	  -0.1506996155
  23.12	  -0.1543903351
  23.13	  -0.1580057144
  23.14	  -0.1615439951
  23.15	  -0.1650034636
  23.16	  -0.1683824360
  23.17	  -0.1716793031
  23.18	  -0.1748924404
  23.19	  -0.1780203283
  23.20	  -0.1810614616
  23.21	  -0.1840143353
  23.22	  -0.1868775636
  23.23	  -0.1896497458
  23.24	  -0.1923295557
  23.25	  -0.1949157119
  23.26	  -0.1974069625
  23.27	  -0.1998021007
  23.28	  -0.2020999938
  23.29	  -0.2042995244
  23.30	  -0.2063996494
  23.31	  -0.2083993554
  23.32	  -0.2102976888
  23.33	  -0.2120937258
  23.34	  -0.2137866169
  23.35	  -0.2153755426
  23.36	  -0.2168597579
  23.37	  -0.2182385325
  23.38	  -0.2195112258
  23.39	  -0.2206772119
  23.40	  -0.2217359543
  23.41	  -0.2226869166
  23.42	  -0.2235296816
  23.43	  -0.2242638171
  23.44	  -0.2248889804
  23.45	  -0.2254048735
  23.46	  -0.2258112580
  23.47	  -0.2261079252
  23.48	  -0.2262947410
  23.49	  -0.2263716310
  23.50	  -0.2263385355
  23.51	  -0.2261954695
  23.52	  -0.2259425223
  23.53	  -0.2255797982
  23.54	  -0.2251074761
  23.55	  -0.2245257795
  23.56	  -0.2238349766
  23.57	  -0.2230354249
  23.58	  -0.2221274823
  23.59	  -0.2211115956
  23.60	  -0.2199882418
  23.61	  -0.2187579572
  23.62	  -0.2174213380
  23.63	  -0.2159790099
  23.64	  -0.2144316882
  23.65	  -0.2127800882
  23.66	  -0.2110250145
  23.67	  -0.2091673017
  23.68	  -0.2072078586
  23.69	  -0.2051475942
  23.70	  -0.2029875070
  23.71	  -0.2007286400
  23.72	  -0.1983720809
  23.73	  -0.1959189475
  23.74	  -0.1933704317
  23.75	  -0.1907277554
  23.76	  -0.1879921854
  23.77	  -0.1851650476
  23.78	  -0.1822476983
  23.79	  -0.1792415231
  23.80	  -0.1761479974
  23.81	  -0.1729686111
  23.82	  -0.1697048992
  23.83	  -0.1663584113
  23.84	  -0.1629307866
  23.85	  -0.1594236940
  23.86	  -0.1558388025
  23.87	  -0.1521778554
  23.88	  -0.1484426409
  23.89	  -0.1446349472
  23.90	  -0.1407566369
  23.91	  -0.1368095726
  23.92	  -0.1327956766
  23.93	  -0.1287169158
  23.94	  -0.1245752573
  23.95	  -0.1203727052
  23.96	  -0.1161113158
  23.97	  -0.1117931679
  23.98	  -0.1074203476
  23.99	  -0.1029949933
  24.00	  -0.0985192582
  24.01	  -0.0939953327
  24.02	  -0.0894254148
  24.03	  -0.0848117322
  24.04	  -0.0801565498
  24.05	  -0.0754621252
  24.06	  -0.0707307681
  24.07	  -0.0659647733
  24.08	  -0.0611664802
  24.09	  -0.0563382395
  24.10	  -0.0514824018
  24.11	  -0.0466013514
  24.12	  -0.0416974761
  24.13	  -0.0367731750
  24.14	  -0.0318308584
  24.15	  -0.0268729459
  24.16	  -0.0219018683
  24.17	  -0.0169200581
  24.18	  -0.0119299591
  24.19	  -0.0069340141
  24.20	  -0.0019346718
  24.21	  0.0030656187
  24.22	  0.0080644069
  24.23	  0.0130592436
  24.24	  0.0180476811
  24.25	  0.0230272766
  24.26	  0.0279955901
  24.27	  0.0329501852
  24.28	  0.0378886387
  24.29	  0.0428085327
  24.30	  0.0477074571
  24.31	  0.0525830127
  24.32	  0.0574328154
  24.33	  0.0622544885
  24.34	  0.0670456812
  24.35	  0.0718040392
  24.36	  0.0765272528
  24.37	  0.0812129974
  24.38	  0.0858589932
  24.39	  0.0904629678
  24.40	  0.0950226784
  24.41	  0.0995358974
  24.42	  0.1040004268
  24.43	  0.1084140837
  24.44	  0.1127747223
  24.45	  0.1170802265
  24.46	  0.1213284805
  24.47	  0.1255174428
  24.48	  0.1296450496
  24.49	  0.1337093115
  24.50	  0.1377082467
  24.51	  0.1416399330
  24.52	  0.1455024332
  24.53	  0.1492938995
  24.54	  0.1530124694
  24.55	  0.1566563696
  24.56	  0.1602238119
  24.57	  0.1637130827
  24.58	  0.1671224982
  24.59	  0.1704504043
  24.60	  0.1736951768
  24.61	  0.1768552810
  24.62	  0.1799291819
  24.63	  0.1829153746
  24.64	  0.1858124435
  24.65	  0.1886190027
  24.66	  0.1913336664
  24.67	  0.1939551532
  24.68	  0.1964821965
  24.69	  0.1989135891
  24.70	  0.2012481540
  24.71	  0.2034847736
  24.72	  0.2056223601
  24.73	  0.2076599151
  24.74	  0.2095964253
  24.75	  0.2114309967
  24.76	  0.2131627500
  24.77	  0.2147908211
  24.78	  0.2163144648
  24.79	  0.2177329361
  24.80	  0.2190455496
  24.81	  0.2202516943
  24.82	  0.2213507891
  24.83	  0.2223423123
  24.84	  0.2232257724
  24.85	  0.2240007669
  24.86	  0.2246669084
  24.87	  0.2252238840
  24.88	  0.2256714404
  24.89	  0.2260093391
  24.90	  0.2262374461
  24.91	  0.2263556421
  24.92	  0.2263638675
  24.93	  0.2262621075
  24.94	  0.2260504365
  24.95	  0.2257289290
  24.96	  0.2252977639
  24.97	  0.2247571349
  24.98	  0.2241072953
  24.99	  0.2233485579
  25.00	  0.2224812806
  25.01	  0.2215058953
  25.02	  0.2204228491
  25.03	  0.2192326784
  25.04	  0.2179359347
  25.05	  0.2165332437
  25.06	  0.2150252908
  25.07	  0.2134127766
  25.08	  0.2116964906
  25.09	  0.2098772377
  25.10	  0.2079558969
  25.11	  0.2059333920
  25.12	  0.2038106918
  25.13	  0.2015888095
  25.14	  0.1992688328
  25.15	  0.1968518496
  25.16	  0.1943390220
  25.17	  0.1917315722
  25.18	  0.1890307516
  25.19	  0.1862378567
  25.20	  0.1833542287
  25.21	  0.1803812683
  25.22	  0.1773203909
  25.23	  0.1741730869
  25.24	  0.1709408611
  25.25	  0.1676252931
  25.26	  0.1642279625
  25.27	  0.1607505232
  25.28	  0.1571946591
  25.29	  0.1535620838
  25.30	  0.1498545557
  25.31	  0.1460738778
  25.32	  0.1422218829
  25.33	  0.1383004189
  25.34	  0.1343114227
  25.35	  0.1302568018
  25.36	  0.1261385232
  25.37	  0.1219586134
  25.38	  0.1177190915
  25.39	  0.1134220213
  25.40	  0.1090694889
  25.41	  0.1046636254
  25.42	  0.1002065614
  25.43	  0.0957004875
  25.44	  0.0911475867
  25.45	  0.0865500867
  25.46	  0.0819102302
  25.47	  0.0772302821
  25.48	  0.0725125223
  25.49	  0.0677592680
  25.50	  0.0629728436
  25.51	  0.0581555739
  25.52	  0.0533098280
  25.53	  0.0484379716
  25.54	  0.0435423888
  25.55	  0.0386254787
  25.56	  0.0336896479
  25.57	  0.0287373103
  25.58	  0.0237708930
  25.59	  0.0187928304
  25.60	  0.0138055589
  25.61	  0.0088115232
  25.62	  0.0038131699
  25.63	  -0.0011870518
  25.64	  -0.0061866916
  25.65	  -0.0111833001
  25.66	  -0.0161744300
  25.67	  -0.0211576335
  25.68	  -0.0261304695
  25.69	  -0.0310905054
  25.70	  -0.0360353068
  25.71	  -0.0409624577
  25.72	  -0.0458695404
  25.73	  -0.0507541560
  25.74	  -0.0556139126
  25.75	  -0.0604464337
  25.76	  -0.0652493536
  25.77	  -0.0700203180
  25.78	  -0.0747570097
  25.79	  -0.0794570968
  25.80	  -0.0841182992
  25.81	  -0.0887383223
  25.82	  -0.0933149308
  25.83	  -0.0978458747
  25.84	  -0.1023289487
  25.85	  -0.1067619771
  25.86	  -0.1111427844
  25.87	  -0.1154692471
  25.88	  -0.1197392568
  25.89	  -0.1239507273
  25.90	  -0.1281016320
  25.91	  -0.1321899146
  25.92	  -0.1362136304
  25.93	  -0.1401708126
  25.94	  -0.1440595239
  25.95	  -0.1478778869
  25.96	  -0.1516240686
  25.97	  -0.1552962214
  25.98	  -0.1588926017
  25.99	  -0.1624114364
  26.00	  -0.1658510566
  26.01	  -0.1692097634
  26.02	  -0.1724859625
  26.03	  -0.1756780595
  26.04	  -0.1787845194
  26.05	  -0.1818038374
  26.06	  -0.1847345531
  26.07	  -0.1875752807
  26.08	  -0.1903246194
  26.09	  -0.1929812729
  26.10	  -0.1955439448
  26.11	  -0.1980114132
  26.12	  -0.2003824860
  26.13	  -0.2026560307
  26.14	  -0.2048309445
  26.15	  -0.2069061995
  26.16	  -0.2088807821
  26.17	  -0.2107537687
  26.18	  -0.2125242352
  26.19	  -0.2141913623
  26.20	  -0.2157543302
  26.21	  -0.2172123939
  26.22	  -0.2185648531
  26.23	  -0.2198110819
  26.24	  -0.2209504545
  26.25	  -0.2219824493
  26.26	  -0.2229065597
  26.27	  -0.2237223387
  26.28	  -0.2244294137
  26.29	  -0.2250274420
  26.30	  -0.2255161405
  26.31	  -0.2258952558
  26.32	  -0.2261646390
  26.33	  -0.2263241261
  26.34	  -0.2263736725
  26.35	  -0.2263132334
  26.36	  -0.2261428535
  26.37	  -0.2258625925
  26.38	  -0.2254725993
  26.39	  -0.2249730676
  26.40	  -0.2243642211
  26.41	  -0.2236463577
  26.42	  -0.2228198200
  26.43	  -0.2218849957
  26.44	  -0.2208423465
  26.45	  -0.2196923494
  26.46	  -0.2184355855
  26.47	  -0.2170726210
  26.48	  -0.2156041265
  26.49	  -0.2140308172
  26.50	  -0.2123534083
  26.51	  -0.2105727494
  26.52	  -0.2086896598
  26.53	  -0.2067050487
  26.54	  -0.2046198845
  26.55	  -0.2024351358
  26.56	  -0.2001518905
  26.57	  -0.1977712065
  26.58	  -0.1952942610
  26.59	  -0.1927222162
  26.60	  -0.1900563240
  26.61	  -0.1872978657
  26.62	  -0.1844481677
  26.63	  -0.1815086007
  26.64	  -0.1784805804
  26.65	  -0.1753655672
  26.66	  -0.1721650660
  26.67	  -0.1688806266
  26.68	  -0.1655138284
  26.69	  -0.1620662957
  26.70	  -0.1585396826
  26.71	  -0.1549357325
  26.72	  -0.1512561589
  26.73	  -0.1475027502
  26.74	  -0.1436773241
  26.75	  -0.1397817433
  26.76	  -0.1358178854
  26.77	  -0.1317876875
  26.78	  -0.1276931018
  26.79	  -0.1235361099
  26.80	  -0.1193187460
  26.81	  -0.1150430515
  26.82	  -0.1107111126
  26.83	  -0.1063250303
  26.84	  -0.1018869504
  26.85	  -0.0973990336
  26.86	  -0.0928634629
  26.87	  -0.0882824585
  26.88	  -0.0836582482
  26.89	  -0.0789930969
  26.90	  -0.0742892772
  26.91	  -0.0695490837
  26.92	  -0.0647748485
  26.93	  -0.0599688925
  26.94	  -0.0551335663
  26.95	  -0.0502712391
  26.96	  -0.0453842916
  26.97	  -0.0404751152
  26.98	  -0.0355461054
  26.99	  -0.0305996872
  27.00	  -0.0256382748
  27.01	  -0.0206643008
  27.02	  -0.0156802032
  27.03	  -0.0106884222
  27.04	  -0.0056914045
  27.05	  -0.0006915972
  27.06	  0.0043085488
  27.07	  0.0093065836
  27.08	  0.0143000577
  27.09	  0.0192865264
  27.10	  0.0242635440
  27.11	  0.0292286742
  27.12	  0.0341794826
  27.13	  0.0391135477
  27.14	  0.0440284535
  27.15	  0.0489217900
  27.16	  0.0537911654
  27.17	  0.0586341955
  27.18	  0.0634485111
  27.19	  0.0682317615
  27.20	  0.0729816034
  27.21	  0.0776957124
  27.22	  0.0823717862
  27.23	  0.0870075524
  27.24	  0.0916007310
  27.25	  0.0961490944
  27.26	  0.1006504074
  27.27	  0.1051024944
  27.28	  0.1095031723
  27.29	  0.1138503030
  27.30	  0.1181417629
  27.31	  0.1223754734
  27.32	  0.1265493631
  27.33	  0.1306614131
  27.34	  0.1347096264
  27.35	  0.1386920214
  27.36	  0.1426066756
  27.37	  0.1464516968
  27.38	  0.1502252072
  27.39	  0.1539253891
  27.40	  0.1575504392
  27.41	  0.1610986143
  27.42	  0.1645681858
  27.43	  0.1679574847
  27.44	  0.1712648720
  27.45	  0.1744887531
  27.46	  0.1776275635
  27.47	  0.1806797832
  27.48	  0.1836439669
  27.49	  0.1865186691
  27.50	  0.1893024892
  27.51	  0.1919941157
  27.52	  0.1945922524
  27.53	  0.1970956326
  27.54	  0.1995030493
  27.55	  0.2018133700
  27.56	  0.2040254623
  27.57	  0.2061382830
  27.58	  0.2081508040
  27.59	  0.2100620568
  27.60	  0.2118711472
  27.61	  0.2135771960
  27.62	  0.2151793838
  27.63	  0.2166769505
  27.64	  0.2180691659
  27.65	  0.2193553746
  27.66	  0.2205349505
  27.67	  0.2216073573
  27.68	  0.2225720435
  27.69	  0.2234285772
  27.70	  0.2241765410
  27.71	  0.2248155773
  27.72	  0.2253453732
  27.73	  0.2257656902
  27.74	  0.2260763049
  27.75	  0.2262770981
  27.76	  0.2263679504
  27.77	  0.2263488322
  27.78	  0.2262197584
  27.79	  0.2259807587
  27.80	  0.2256319821
  27.81	  0.2251735777
  27.82	  0.2246057689
  27.83	  0.2239288241
  27.84	  0.2231430709
  27.85	  0.2222488821
  27.86	  0.2212466896
  27.87	  0.2201369554
  27.88	  0.2189202458
  27.89	  0.2175970972
  27.90	  0.2161681801
  27.91	  0.2146341503
  27.92	  0.2129957676
  27.93	  0.2112538069
  27.94	  0.2094090879
  27.95	  0.2074625194
  27.96	  0.2054150105
  27.97	  0.2032675594
  27.98	  0.2010211945
  27.99	  0.1986769885
  28.00	  0.1962360591
  28.01	  0.1936996132
  28.02	  0.1910688281
  28.03	  0.1883450001
  28.04	  0.1855294108
  28.05	  0.1826234460
  28.06	  0.1796284914
  28.07	  0.1765459925
  28.08	  0.1733774245
  28.09	  0.1701243371
  28.10	  0.1667882949
  28.11	  0.1633708924
  28.12	  0.1598737985
  28.13	  0.1562986970
  28.14	  0.1526473314
  28.15	  0.1489214450
  28.16	  0.1451228708
  28.17	  0.1412534267
  28.18	  0.1373149902
  28.19	  0.1333094984
  28.20	  0.1292388588
  28.21	  0.1251050830
  28.22	  0.1209101602
  28.23	  0.1166561395
  28.24	  0.1123450845
  28.25	  0.1079790965
  28.26	  0.1035602987
  28.27	  0.0990908518
  28.28	  0.0945729241
  28.29	  0.0900087282
  28.30	  0.0854004920
  28.31	  0.0807504505
  28.32	  0.0760608912
  28.33	  0.0713340938
  28.34	  0.0665723756
  28.35	  0.0617780611
  28.36	  0.0569534935
  28.37	  0.0521010347
  28.38	  0.0472230576
  28.39	  0.0423219502
  28.40	  0.0374001078
  28.41	  0.0324599482
  28.42	  0.0275038835
  28.43	  0.0225343443
  28.44	  0.0175537635
  28.45	  0.0125645828
  28.46	  0.0075692451
  28.47	  0.0025701984
  28.48	  -0.0024301074
  28.49	  -0.0074292226
  28.50	  -0.0124246972
  28.51	  -0.0174140837
  28.52	  -0.0223949384
  28.53	  -0.0273648202
  28.54	  -0.0323212966
  28.55	  -0.0372619368
  28.56	  -0.0421843231
  28.57	  -0.0470860451
  28.58	  -0.0519647002
  28.59	  -0.0568179078
  28.60	  -0.0616432913
  28.61	  -0.0664384812
  28.62	  -0.0712011456
  28.63	  -0.0759289563
  28.64	  -0.0806195885
  28.65	  -0.0852707624
  28.66	  -0.0898802057
  28.67	  -0.0944456682
  28.68	  -0.0989649221
  28.69	  -0.1034357548
  28.70	  -0.1078559980
  28.71	  -0.1122234985
  28.72	  -0.1165361181
  28.73	  -0.1207917705
  28.74	  -0.1249883771
  28.75	  -0.1291238964
  28.76	  -0.1331963241
  28.77	  -0.1372036785
  28.78	  -0.1411440074
  28.79	  -0.1450154036
  28.80	  -0.1488160044
  28.81	  -0.1525439471
  28.82	  -0.1561974287
  28.83	  -0.1597746909
  28.84	  -0.1632739902
  28.85	  -0.1666936427
  28.86	  -0.1700319946
  28.87	  -0.1732874364
  28.88	  -0.1764583737
  28.89	  -0.1795433164
  28.90	  -0.1825407445
  28.91	  -0.1854492277
  28.92	  -0.1882673502
  28.93	  -0.1909937710
  28.94	  -0.1936271787
  28.95	  -0.1961662918
  28.96	  -0.1986099035
  28.97	  -0.2009568363
  28.98	  -0.2032059580
  28.99	  -0.2053561956
  29.00	  -0.2074065208
  29.01	  -0.2093559355
  29.02	  -0.2112035155
  29.03	  -0.2129483670
  29.04	  -0.2145896703
  29.05	  -0.2161266208
  29.06	  -0.2175585032
  29.07	  -0.2188846171
  29.08	  -0.2201043218
  29.09	  -0.2212170511
  29.10	  -0.2222222686
  29.11	  -0.2231194973
  29.12	  -0.2239082903
  29.13	  -0.2245882899
  29.14	  -0.2251591533
  29.15	  -0.2256206274
  29.16	  -0.2259724885
  29.17	  -0.2262145579
  29.18	  -0.2263467163
  29.19	  -0.2263689190
  29.20	  -0.2262811363
  29.21	  -0.2260834277
  29.22	  -0.2257758826
  29.23	  -0.2253586501
  29.24	  -0.2248319089
  29.25	  -0.2241959274
  29.26	  -0.2234510183
  29.27	  -0.2225975245
  29.28	  -0.2216358483
  29.29	  -0.2205664665
  29.30	  -0.2193898708
  29.31	  -0.2181066424
  29.32	  -0.2167173922
  29.33	  -0.2152227610
  29.34	  -0.2136235088
  29.35	  -0.2119203508
  29.36	  -0.2101141363
  29.37	  -0.2082057297
  29.38	  -0.2061960399
  29.39	  -0.2040860206
  29.40	  -0.2018766850
  29.41	  -0.1995691061
  29.42	  -0.1971643865
  29.43	  -0.1946636885
  29.44	  -0.1920681894
  29.45	  -0.1893791705
  29.46	  -0.1865978986
  29.47	  -0.1837257296
  29.48	  -0.1807640493
  29.49	  -0.1777142584
  29.50	  -0.1745778620
  29.51	  -0.1713563353
  29.52	  -0.1680512726
  29.53	  -0.1646642536
  29.54	  -0.1611969024
  29.55	  -0.1576509029
  29.56	  -0.1540279835
  29.57	  -0.1503298879
  29.58	  -0.1465584040
  29.59	  -0.1427153647
  29.60	  -0.1388026327
  29.61	  -0.1348221004
  29.62	  -0.1307757199
  29.63	  -0.1266654283
  29.64	  -0.1224932373
  29.65	  -0.1182611808
  29.66	  -0.1139713079
  29.67	  -0.1096257046
  29.68	  -0.1052265018
  29.69	  -0.1007758304
  29.70	  -0.0962758586
  29.71	  -0.0917287841
  29.72	  -0.0871368274
  29.73	  -0.0825022310
  29.74	  -0.0778272524
  29.75	  -0.0731141791
  29.76	  -0.0683653057
  29.77	  -0.0635829642
  29.78	  -0.0587694831
  29.79	  -0.0539272279
  29.80	  -0.0490585566
  29.81	  -0.0441658571
  29.82	  -0.0392515250
  29.83	  -0.0343179628
  29.84	  -0.0293675903
  29.85	  -0.0244028289
  29.86	  -0.0194261093
  29.87	  -0.0144398734
  29.88	  -0.0094465623
  29.89	  -0.0044486220
  29.90	  0.0005514982
  29.91	  0.0055513480
  29.92	  0.0105484780
  29.93	  0.0155404387
  29.94	  0.0205247849
  29.95	  0.0254990757
  29.96	  0.0304608718
  29.97	  0.0354077443
  29.98	  0.0403372720
  29.99	  0.0452470407
  30.00	  0.0501346439
  30.01	  0.0549976937
  30.02	  0.0598338060
  30.03	  0.0646406189
  30.04	  0.0694157779
  30.05	  0.0741569474
  30.06	  0.0788618177
  30.07	  0.0835280865
  30.08	  0.0881534740
  30.09	  0.0927357227
  30.10	  0.0972725973
  30.11	  0.1017618775
  30.12	  0.1062013805
  30.13	  0.1105889454
  30.14	  0.1149224341
  30.15	  0.1191997379
  30.16	  0.1234187633
  30.17	  0.1275774688
  30.18	  0.1316738427
  30.19	  0.1357058585
  30.20	  0.1396716088
  30.21	  0.1435691267
  30.22	  0.1473965347
  30.23	  0.1511519849
  30.24	  0.1548336595
  30.25	  0.1584397554
  30.26	  0.1619685441
  30.27	  0.1654183269
  30.28	  0.1687874049
  30.29	  0.1720741838
  30.30	  0.1752770543
  30.31	  0.1783944815
  30.32	  0.1814249605
  30.33	  0.1843670309
  30.34	  0.1872192621
  30.35	  0.1899802983
  30.36	  0.1926487982
  30.37	  0.1952234805
  30.38	  0.1977031231
  30.39	  0.2000865042
  30.40	  0.2023725063
  30.41	  0.2045600116
  30.42	  0.2066479921
  30.43	  0.2086354345
  30.44	  0.2105213702
  30.45	  0.2123049200
  30.46	  0.2139852345
  30.47	  0.2155614793
  30.48	  0.2170329094
  30.49	  0.2183988392
  30.50	  0.2196585983
  30.51	  0.2208115906
  30.52	  0.2218572497
  30.53	  0.2227950990
  30.54	  0.2236246765
  30.55	  0.2243455946
  30.56	  0.2249574959
  30.57	  0.2254600972
  30.58	  0.2258531600
  30.59	  0.2261364907
  30.60	  0.2263099551
  30.61	  0.2263734788
  30.62	  0.2263270169
  30.63	  0.2261705995
  30.64	  0.2259043008
  30.65	  0.2255282551
  30.66	  0.2250426263
  30.67	  0.2244476676
  30.68	  0.2237436324
  30.69	  0.2229308933
  30.70	  0.2220098078
  30.71	  0.2209808379
  30.72	  0.2198444605
  30.73	  0.2186012268
  30.74	  0.2172517180
  30.75	  0.2157966048
  30.76	  0.2142365724
  30.77	  0.2125723660
  30.78	  0.2108047754
  30.79	  0.2089346498
  30.80	  0.2069628984
  30.81	  0.2048904449
  30.82	  0.2027183175
  30.83	  0.2004475147
  30.84	  0.1980791688
  30.85	  0.1956143826
  30.86	  0.1930543631
  30.87	  0.1904003322
  30.88	  0.1876535565
  30.89	  0.1848153770
  30.90	  0.1818871647
  30.91	  0.1788703054
  30.92	  0.1757662743
  30.93	  0.1725765467
  30.94	  0.1693026870
  30.95	  0.1659462601
  30.96	  0.1625088900
  30.97	  0.1589922458
  30.98	  0.1553980261
  30.99	  0.1517279595
  31.00	  0.1479838490
  31.01	  0.1441674680
  31.02	  0.1402806938
  31.03	  0.1363254189
  31.04	  0.1323035508
  31.05	  0.1282170266
  31.06	  0.1240678653
  31.07	  0.1198580563
  31.08	  0.1155896634
  31.09	  0.1112647504
  31.10	  0.1068854332
  31.11	  0.1024538428
  31.12	  0.0979721397
  31.13	  0.0934425071
  31.14	  0.0888671502
  31.15	  0.0842483118
  31.16	  0.0795882344
  31.17	  0.0748892054
  31.18	  0.0701535121
  31.19	  0.0653834715
  31.20	  0.0605814122
  31.21	  0.0557496883
  31.22	  0.0508906655
  31.23	  0.0460067131
  31.24	  0.0411002263
  31.25	  0.0361736082
  31.26	  0.0312292650
  31.27	  0.0262696240
  31.28	  0.0212971121
  31.29	  0.0163141657
  31.30	  0.0113232257
  31.31	  0.0063267378
  31.32	  0.0013271492
  31.33	  -0.0036730894
  31.34	  -0.0086715287
  31.35	  -0.0136657180
  31.36	  -0.0186532121
  31.37	  -0.0236315671
  31.38	  -0.0285983421
  31.39	  -0.0335511081
  31.40	  -0.0384874344
  31.41	  -0.0434049107
  31.42	  -0.0483011194
  31.43	  -0.0531736761
  31.44	  -0.0580201857
  31.45	  -0.0628382787
  31.46	  -0.0676256046
  31.47	  -0.0723798200
  31.48	  -0.0770986006
  31.49	  -0.0817796439
  31.50	  -0.0864206553
  31.51	  -0.0910193697
  31.52	  -0.0955735520
  31.53	  -0.1000809744
  31.54	  -0.1045394316
  31.55	  -0.1089467630
  31.56	  -0.1133008227
  31.57	  -0.1175994724
  31.58	  -0.1218406409
  31.59	  -0.1260222495
  31.60	  -0.1301422715
  31.61	  -0.1341986954
  31.62	  -0.1381895691
  31.63	  -0.1421129405
  31.64	  -0.1459669173
  31.65	  -0.1497496217
  31.66	  -0.1534592211
  31.67	  -0.1570939124
  31.68	  -0.1606519520
  31.69	  -0.1641316116
  31.70	  -0.1675312072
  31.71	  -0.1708490998
  31.72	  -0.1740836799
  31.73	  -0.1772333831
  31.74	  -0.1802967042
  31.75	  -0.1832721531
  31.76	  -0.1861582994
  31.77	  -0.1889537573
  31.78	  -0.1916571707
  31.79	  -0.1942672580
  31.80	  -0.1967827380
  31.81	  -0.1992024332
  31.82	  -0.2015251517
  31.83	  -0.2037497908
  31.84	  -0.2058752775
  31.85	  -0.2079005986
  31.86	  -0.2098247856
  31.87	  -0.2116469145
  31.88	  -0.2133661062
  31.89	  -0.2149815261
  31.90	  -0.2164924294
  31.91	  -0.2178980708
  31.92	  -0.2191977948
  31.93	  -0.2203909606
  31.94	  -0.2214770168
  31.95	  -0.2224554271
  31.96	  -0.2233257294
  31.97	  -0.2240875065
  31.98	  -0.2247404009
  31.99	  -0.2252840996
  32.00	  -0.2257183492
  32.01	  -0.2260429263
  32.02	  -0.2262576818
  32.03	  -0.2263625115
  32.04	  -0.2263573706
  32.05	  -0.2262422591
  32.06	  -0.2260172367
  32.07	  -0.2256823927
  32.08	  -0.2252379209
  32.09	  -0.2246840000
  32.10	  -0.2240209132
  32.11	  -0.2232489586
  32.12	  -0.2223685384
  32.13	  -0.2213800400
  32.14	  -0.2202839553
  32.15	  -0.2190808058
  32.16	  -0.2177711576
  32.17	  -0.2163556367
  32.18	  -0.2148349434
  32.19	  -0.2132097781
  32.20	  -0.2114809304
  32.21	  -0.2096492201
  32.22	  -0.2077155411
  32.23	  -0.2056808174
  32.24	  -0.2035460174
  32.25	  -0.2013121545
  32.26	  -0.1989803314
  32.27	  -0.1965516359
  32.28	  -0.1940272450
  32.29	  -0.1914083958
  32.30	  -0.1886963099
  32.31	  -0.1858923286
  32.32	  -0.1829977632
  32.33	  -0.1800140440
  32.34	  -0.1769425869
  32.35	  -0.1737848818
  32.36	  -0.1705424488
  32.37	  -0.1672168523
  32.38	  -0.1638097018
  32.39	  -0.1603226513
  32.40	  -0.1567573696
  32.41	  -0.1531155854
  32.42	  -0.1493990868
  32.43	  -0.1456096321
  32.44	  -0.1417490989
  32.45	  -0.1378193349
  32.46	  -0.1338222474
  32.47	  -0.1297597885
  32.48	  -0.1256339252
  32.49	  -0.1214466617
  32.50	  -0.1172000393
  32.51	  -0.1128961146
  32.52	  -0.1085369959
  32.53	  -0.1041247919
  32.54	  -0.0996616557
  32.55	  -0.0951497704
  32.56	  -0.0905913338
  32.57	  -0.0859885663
  32.58	  -0.0813437179
  32.59	  -0.0766590536
  32.60	  -0.0719368607
  32.61	  -0.0671794564
  32.62	  -0.0623891540
  32.63	  -0.0575683005
  32.64	  -0.0527192540
  32.65	  -0.0478443876
  32.66	  -0.0429460853
  32.67	  -0.0380267464
  32.68	  -0.0330887809
  32.69	  -0.0281346031
  32.70	  -0.0231666416
  32.71	  -0.0181873310
  32.72	  -0.0131991068
  32.73	  -0.0082044154
  32.74	  -0.0032057047
  32.75	  0.0017945770
  32.76	  0.0067939796
  32.77	  0.0117900530
  32.78	  0.0167803485
  32.79	  0.0217624232
  32.80	  0.0267338362
  32.81	  0.0316921473
  32.82	  0.0366349369
  32.83	  0.0415597744
  32.84	  0.0464642569
  32.85	  0.0513459817
  32.86	  0.0562025532
  32.87	  0.0610316023
  32.88	  0.0658307672
  32.89	  0.0705976933
  32.90	  0.0753300563
  32.91	  0.0800255463
  32.92	  0.0846818611
  32.93	  0.0892967358
  32.94	  0.0938679054
  32.95	  0.0983931571
  32.96	  0.1028702706
  32.97	  0.1072970629
  32.98	  0.1116713807
  32.99	  0.1159911007
  33.00	  0.1202541068
  33.01	  0.1244583279
  33.02	  0.1286017299
  33.03	  0.1326822788
  33.04	  0.1366980076
  33.05	  0.1406469643
  33.06	  0.1445272416
  33.07	  0.1483369321
  33.08	  0.1520742029
  33.09	  0.1557372510
  33.10	  0.1593243033
  33.11	  0.1628336012
  33.12	  0.1662634760
  33.13	  0.1696122587
  33.14	  0.1728783101
  33.15	  0.1760600805
  33.16	  0.1791560352
  33.17	  0.1821646690
  33.18	  0.1850845367
  33.19	  0.1879142225
  33.20	  0.1906523705
  33.21	  0.1932976693
  33.22	  0.1958488375
  33.23	  0.1983046532
  33.24	  0.2006639391
  33.25	  0.2029255629
  33.26	  0.2050884217
  33.27	  0.2071515024
  33.28	  0.2091137916
  33.29	  0.2109743655
  33.30	  0.2127323300
  33.31	  0.2143868357
  33.32	  0.2159370929
  33.33	  0.2173823565
  33.34	  0.2187219560
  33.35	  0.2199552208
  33.36	  0.2210815847
  33.37	  0.2221004814
  33.38	  0.2230114639
  33.39	  0.2238140553
  33.40	  0.2245078981
  33.41	  0.2250926644
  33.42	  0.2255680561
  33.43	  0.2259338498
  33.44	  0.2261898816
  33.45	  0.2263360173
  33.46	  0.2263721973
  33.47	  0.2262984067
  33.48	  0.2261146605
  33.49	  0.2258210629
  33.50	  0.2254177481
  33.51	  0.2249049246
  33.52	  0.2242828161
  33.53	  0.2235517353
  33.54	  0.2227120101
  33.55	  0.2217640579
  33.56	  0.2207083404
  33.57	  0.2195453495
  33.58	  0.2182756364
  33.59	  0.2168998271
  33.60	  0.2154185623
  33.61	  0.2138325572
  33.62	  0.2121425569
  33.63	  0.2103493959
  33.64	  0.2084539235
  33.65	  0.2064570487
  33.66	  0.2043597251
  33.67	  0.2021629661
  33.68	  0.1998678148
  33.69	  0.1974753737
  33.70	  0.1949868053
  33.71	  0.1924033016
  33.72	  0.1897260994
  33.73	  0.1869564801
  33.74	  0.1840957850
  33.75	  0.1811453998
  33.76	  0.1781067252
  33.77	  0.1749812514
  33.78	  0.1717704684
  33.79	  0.1684759259
  33.80	  0.1650992334
  33.81	  0.1616420001
  33.82	  0.1581059098
  33.83	  0.1544926763
  33.84	  0.1508040279
  33.85	  0.1470417678
  33.86	  0.1432077289
  33.87	  0.1393037438
  33.88	  0.1353317350
  33.89	  0.1312935948
  33.90	  0.1271913201
  33.91	  0.1230268925
  33.92	  0.1188023314
  33.93	  0.1145196855
  33.94	  0.1101810560
  33.95	  0.1057885438
  33.96	  0.1013442948
  33.97	  0.0968504697
  33.98	  0.0923092589
  33.99	  0.0877228826
  34.00	  0.0830935836
  34.01	  0.0784236118
  34.02	  0.0737152472
  34.03	  0.0689707994
  34.04	  0.0641925782
  34.05	  0.0593829304
  34.06	  0.0545441993
  34.07	  0.0496787541
  34.08	  0.0447889753
  34.09	  0.0398772620
  34.10	  0.0349460095
  34.11	  0.0299976375
  34.12	  0.0250345692
  34.13	  0.0200592354
  34.14	  0.0150740743
  34.15	  0.0100815268
  34.16	  0.0050840387
  34.17	  0.0000840598
  34.18	  -0.0049159606
  34.19	  -0.0099135721
  34.20	  -0.0149063254
  34.21	  -0.0198917761
  34.22	  -0.0248674788
  34.23	  -0.0298309997
  34.24	  -0.0347799025
  34.25	  -0.0397117697
  34.26	  -0.0446241833
  34.27	  -0.0495147370
  34.28	  -0.0543810390
  34.29	  -0.0592207052
  34.30	  -0.0640313700
  34.31	  -0.0688106865
  34.32	  -0.0735563040
  34.33	  -0.0782659203
  34.34	  -0.0829372182
  34.35	  -0.0875679255
  34.36	  -0.0921557844
  34.37	  -0.0966985449
  34.38	  -0.1011940017
  34.39	  -0.1056399494
  34.40	  -0.1100342423
  34.41	  -0.1143747196
  34.42	  -0.1186592728
  34.43	  -0.1228858232
  34.44	  -0.1270523071
  34.45	  -0.1311567128
  34.46	  -0.1351970285
  34.47	  -0.1391713023
  34.48	  -0.1430775970
  34.49	  -0.1469140202
  34.50	  -0.1506787241
  34.51	  -0.1543698609
  34.52	  -0.1579856724
  34.53	  -0.1615243852
  34.54	  -0.1649843007
  34.55	  -0.1683637351
  34.56	  -0.1716610491
  34.57	  -0.1748746783
  34.58	  -0.1780030429
  34.59	  -0.1810446531
  34.60	  -0.1839980334
  34.61	  -0.1868617684
  34.62	  -0.1896344721
  34.63	  -0.1923148036
  34.64	  -0.1949014813
  34.65	  -0.1973932683
  34.66	  -0.1997889578
  34.67	  -0.2020873874
  34.68	  -0.2042874843
  34.69	  -0.2063881606
  34.70	  -0.2083884329
  34.71	  -0.2102873325
  34.72	  -0.2120839506
  34.73	  -0.2137774229
  34.74	  -0.2153669298
  34.75	  -0.2168517262
  34.76	  -0.2182310969
  34.77	  -0.2195043862
  34.78	  -0.2206709832
  34.79	  -0.2217303216
  34.80	  -0.2226818949
  34.81	  -0.2235252559
  34.82	  -0.2242600024
  34.83	  -0.2248857766
  34.84	  -0.2254022956
  34.85	  -0.2258092910
  34.86	  -0.2261065692
  34.87	  -0.2262940109
  34.88	  -0.2263714969
  34.89	  -0.2263390273
  34.90	  -0.2261965722
  34.91	  -0.2259442359
  34.92	  -0.2255821377
  34.93	  -0.2251104265
  34.94	  -0.2245293409
  34.95	  -0.2238391638
  34.96	  -0.2230402082
  34.97	  -0.2221328765
  34.98	  -0.2211175859
  34.99	  -0.2199948281
  35.00	  -0.2187651396
  35.01	  -0.2174291164
  35.02	  -0.2159873992
  35.03	  -0.2144406438
  35.04	  -0.2127896398
  35.05	  -0.2110351324
  35.06	  -0.2091780007
  35.07	  -0.2072191089
  35.08	  -0.2051594108
  35.09	  -0.2029998899
  35.10	  -0.2007415742
  35.11	  -0.1983855516
  35.12	  -0.1959329695
  35.13	  -0.1933849752
  35.14	  -0.1907428354
  35.15	  -0.1880077720
  35.16	  -0.1851811409
  35.17	  -0.1822642833
  35.18	  -0.1792586148
  35.19	  -0.1761655807
  35.20	  -0.1729866713
  35.21	  -0.1697234064
  35.22	  -0.1663773954
  35.23	  -0.1629502177
  35.24	  -0.1594435573
  35.25	  -0.1558590978
  35.26	  -0.1521985829
  35.27	  -0.1484637707
  35.28	  -0.1446564794
  35.29	  -0.1407785565
  35.30	  -0.1368318796
  35.31	  -0.1328183562
  35.32	  -0.1287399530
  35.33	  -0.1245986298
  35.34	  -0.1203964204
  35.35	  -0.1161353588
  35.36	  -0.1118175164
  35.37	  -0.1074449942
  35.38	  -0.1030199304
  35.39	  -0.0985444784
  35.40	  -0.0940208137
  35.41	  -0.0894511417
  35.42	  -0.0848377049
  35.43	  -0.0801827461
  35.44	  -0.0754885375
  35.45	  -0.0707573742
  35.46	  -0.0659915730
  35.47	  -0.0611934550
  35.48	  -0.0563653708
  35.49	  -0.0515096858
  35.50	  -0.0466287695
  35.51	  -0.0417250134
  35.52	  -0.0368008204
  35.53	  -0.0318585970
  35.54	  -0.0269007664
  35.55	  -0.0219297558
  35.56	  -0.0169479996
  35.57	  -0.0119579397
  35.58	  -0.0069620209
  35.59	  -0.0019626906
  35.60	  0.0030376012
  35.61	  0.0080364048
  35.62	  0.0130312704
  35.63	  0.0180197507
  35.64	  0.0229994021
  35.65	  0.0279677864
  35.66	  0.0329224654
  35.67	  0.0378610156
  35.68	  0.0427810214
  35.69	  0.0476800688
  35.70	  0.0525557622
  35.71	  0.0574057139
  35.72	  0.0622275546
  35.73	  0.0670189187
  35.74	  0.0717774704
  35.75	  0.0765008852
  35.76	  0.0811868459
  35.77	  0.0858330727
  35.78	  0.0904372931
  35.79	  0.0949972570
  35.80	  0.0995107442
  35.81	  0.1039755493
  35.82	  0.1083894968
  35.83	  0.1127504408
  35.84	  0.1170562580
  35.85	  0.1213048398
  35.86	  0.1254941374
  35.87	  0.1296220869
  35.88	  0.1336867213
  35.89	  0.1376860291
  35.90	  0.1416180879
  35.91	  0.1454809904
  35.92	  0.1492728591
  35.93	  0.1529918462
  35.94	  0.1566361636
  35.95	  0.1602040380
  35.96	  0.1636937559
  35.97	  0.1671036184
  35.98	  0.1704319865
  35.99	  0.1736772358
  36.00	  0.1768378168
  36.01	  0.1799121946
  36.02	  0.1828988940
  36.03	  0.1857964694
  36.04	  0.1886035204
  36.05	  0.1913187206
  36.06	  0.1939407289
  36.07	  0.1964683086
  36.08	  0.1989002377
  36.09	  0.2012353390
  36.10	  0.2034725100
  36.11	  0.2056106627
  36.12	  0.2076487690
  36.13	  0.2095858604
  36.14	  0.2114210129
  36.15	  0.2131533325
  36.16	  0.2147819847
  36.17	  0.2163062245
  36.18	  0.2177252769
  36.19	  0.2190385014
  36.20	  0.2202452421
  36.21	  0.2213449329
  36.22	  0.2223370522
  36.23	  0.2232211232
  36.24	  0.2239967138
  36.25	  0.2246634811
  36.26	  0.2252210677
  36.27	  0.2256692350
  36.28	  0.2260077596
  36.29	  0.2262364775
  36.30	  0.2263552845
  36.31	  0.2263641208
  36.32	  0.2262629867
  36.33	  0.2260519266
  36.34	  0.2257310450
  36.35	  0.2253004909
  36.36	  0.2247604579
  36.37	  0.2241112292
  36.38	  0.2233531028
  36.39	  0.2224864364
  36.40	  0.2215116620
  36.41	  0.2204292268
  36.42	  0.2192396373
  36.43	  0.2179435045
  36.44	  0.2165414095
  36.45	  0.2150340378
  36.46	  0.2134221047
  36.47	  0.2117063850
  36.48	  0.2098877132
  36.49	  0.2079669386
  36.50	  0.2059450001
  36.51	  0.2038228661
  36.52	  0.2016015351
  36.53	  0.1992820948
  36.54	  0.1968656629
  36.55	  0.1943533719
  36.56	  0.1917464435
  36.57	  0.1890461445
  36.58	  0.1862537712
  36.59	  0.1833706498
  36.60	  0.1803981811
  36.61	  0.1773377806
  36.62	  0.1741909534
  36.63	  0.1709592044
  36.64	  0.1676440984
  36.65	  0.1642472297
  36.66	  0.1607702374
  36.67	  0.1572148055
  36.68	  0.1535826474
  36.69	  0.1498755366
  36.70	  0.1460952610
  36.71	  0.1422436535
  36.72	  0.1383225918
  36.73	  0.1343339533
  36.74	  0.1302796900
  36.75	  0.1261617839
  36.76	  0.1219822094
  36.77	  0.1177430153
  36.78	  0.1134462580
  36.79	  0.1090940312
  36.80	  0.1046884581
  36.81	  0.1002316773
  36.82	  0.0957258716
  36.83	  0.0911732242
  36.84	  0.0865759701
  36.85	  0.0819363445
  36.86	  0.0772566125
  36.87	  0.0725390613
  36.88	  0.0677860007
  36.89	  0.0629997477
  36.90	  0.0581826493
  36.91	  0.0533370562
  36.92	  0.0484653376
  36.93	  0.0435698852
  36.94	  0.0386530869
  36.95	  0.0337173529
  36.96	  0.0287651010
  36.97	  0.0237987582
  36.98	  0.0188207533
  36.99	  0.0138335265
  37.00	  0.0088395216
  37.01	  0.0038411857
  37.02	  -0.0011590322
  37.03	  -0.0061586825
  37.04	  -0.0111553147
  37.05	  -0.0161464810
  37.06	  -0.0211297367
  37.07	  -0.0261026379
  37.08	  -0.0310627520
  37.09	  -0.0360076465
  37.10	  -0.0409349017
  37.11	  -0.0458421037
  37.12	  -0.0507268533
  37.13	  -0.0555867553
  37.14	  -0.0604194328
  37.15	  -0.0652225241
  37.16	  -0.0699936822
  37.17	  -0.0747305676
  37.18	  -0.0794308707
  37.19	  -0.0840922892
  37.20	  -0.0887125582
  37.21	  -0.0932894051
  37.22	  -0.0978206173
  37.23	  -0.1023039669
  37.24	  -0.1067372784
  37.25	  -0.1111183837
  37.26	  -0.1154451594
  37.27	  -0.1197154894
  37.28	  -0.1239272952
  37.29	  -0.1280785352
  37.30	  -0.1321671903
  37.31	  -0.1361912638
  37.32	  -0.1401488185
  37.33	  -0.1440379322
  37.34	  -0.1478566974
  37.35	  -0.1516032815
  37.36	  -0.1552758664
  37.37	  -0.1588726640
  37.38	  -0.1623919457
  37.39	  -0.1658319980
  37.40	  -0.1691911668
  37.41	  -0.1724678427
  37.42	  -0.1756604165
  37.43	  -0.1787673533
  37.44	  -0.1817871630
  37.45	  -0.1847183853
  37.46	  -0.1875596195
  37.47	  -0.1903094798
  37.48	  -0.1929666400
  37.49	  -0.1955298483
  37.50	  -0.1979978532
  37.51	  -0.2003694624
  37.52	  -0.2026435584
  37.53	  -0.2048190385
  37.54	  -0.2068948448
  37.55	  -0.2088700086
  37.56	  -0.2107435614
  37.57	  -0.2125146091
  37.58	  -0.2141823024
  37.59	  -0.2157458663
  37.60	  -0.2172045112
  37.61	  -0.2185575664
  37.62	  -0.2198043913
  37.63	  -0.2209443748
  37.64	  -0.2219769657
  37.65	  -0.2229016721
  37.66	  -0.2237180769
  37.67	  -0.2244257629
  37.68	  -0.2250244021
  37.69	  -0.2255137116
  37.70	  -0.2258934379
  37.71	  -0.2261634320
  37.72	  -0.2263235450
  37.73	  -0.2263737023
  37.74	  -0.2263138741
  37.75	  -0.2261441052
  37.76	  -0.2258644700
  37.77	  -0.2254751027
  37.78	  -0.2249761671
  37.79	  -0.2243679315
  37.80	  -0.2236506790
  37.81	  -0.2228247523
  37.82	  -0.2218905389
  37.83	  -0.2208484858
  37.84	  -0.2196990997
  37.85	  -0.2184429169
  37.86	  -0.2170805484
  37.87	  -0.2156126499
  37.88	  -0.2140399218
  37.89	  -0.2123631090
  37.90	  -0.2105830163
  37.91	  -0.2087004930
  37.92	  -0.2067164481
  37.93	  -0.2046318352
  37.94	  -0.2024476528
  37.95	  -0.2001649588
  37.96	  -0.1977848262
  37.97	  -0.1953084022
  37.98	  -0.1927368939
  37.99	  -0.1900715232
  38.00	  -0.1873135865
  38.01	  -0.1844643950
  38.02	  -0.1815253198
  38.03	  -0.1784977913
  38.04	  -0.1753832698
  38.05	  -0.1721832454
  38.06	  -0.1688992679
  38.07	  -0.1655329168
  38.08	  -0.1620858312
  38.09	  -0.1585596651
  38.10	  -0.1549561322
  38.11	  -0.1512769759
  38.12	  -0.1475239843
  38.13	  -0.1436989605
  38.14	  -0.1398037672
  38.15	  -0.1358402818
  38.16	  -0.1318104565
  38.17	  -0.1277162135
  38.18	  -0.1235595793
  38.19	  -0.1193425432
  38.20	  -0.1150671691
  38.21	  -0.1107355356
  38.22	  -0.1063497514
  38.23	  -0.1019119620
  38.24	  -0.0974243134
  38.25	  -0.0928890035
  38.26	  -0.0883082524
  38.27	  -0.0836842731
  38.28	  -0.0790193453
  38.29	  -0.0743157342
  38.30	  -0.0695757493
  38.31	  -0.0648016930
  38.32	  -0.0599959046
  38.33	  -0.0551607385
  38.34	  -0.0502985567
  38.35	  -0.0454117395
  38.36	  -0.0405026786
  38.37	  -0.0355737768
  38.38	  -0.0306274481
  38.39	  -0.0256661139
  38.40	  -0.0206922032
  38.41	  -0.0157081559
  38.42	  -0.0107164113
  38.43	  -0.0057194154
  38.44	  -0.0007196171
  38.45	  0.0042805336
  38.46	  0.0092785871
  38.47	  0.0142720938
  38.48	  0.0192586072
  38.49	  0.0242356863
  38.50	  0.0292008892
  38.51	  0.0341517851
  38.52	  0.0390859507
  38.53	  0.0440009721
  38.54	  0.0488944352
  38.55	  0.0537639521
  38.56	  0.0586071350
  38.57	  0.0634216219
  38.58	  0.0682050511
  38.59	  0.0729550794
  38.60	  0.0776693970
  38.61	  0.0823456943
  38.62	  0.0869816914
  38.63	  0.0915751159
  38.64	  0.0961237326
  38.65	  0.1006253213
  38.66	  0.1050776839
  38.67	  0.1094786599
  38.68	  0.1138260961
  38.69	  0.1181178764
  38.70	  0.1223519146
  38.71	  0.1265261471
  38.72	  0.1306385547
  38.73	  0.1346871257
  38.74	  0.1386698931
  38.75	  0.1425849348
  38.76	  0.1464303434
  38.77	  0.1502042711
  38.78	  0.1539048553
  38.79	  0.1575303376
  38.80	  0.1610789448
  38.81	  0.1645489633
  38.82	  0.1679387242
  38.83	  0.1712465733
  38.84	  0.1744709164
  38.85	  0.1776102036
  38.86	  0.1806629300
  38.87	  0.1836276054
  38.88	  0.1865027994
  38.89	  0.1892871559
  38.90	  0.1919793040
  38.91	  0.1945779473
  38.92	  0.1970818639
  38.93	  0.1994898319
  38.94	  0.2018006891
  38.95	  0.2040133476
  38.96	  0.2061267197
  38.97	  0.2081398070
  38.98	  0.2100516409
  38.99	  0.2118612975
  39.00	  0.2135679275
  39.01	  0.2151706964
  39.02	  0.2166688442
  39.03	  0.2180616558
  39.04	  0.2193484604
  39.05	  0.2205286473
  39.06	  0.2216016352
  39.07	  0.2225669473
  39.08	  0.2234240770
  39.09	  0.2241726518
  39.10	  0.2248122990
  39.11	  0.2253427058
  39.12	  0.2257636338
  39.13	  0.2260748744
  39.14	  0.2262762785
  39.15	  0.2263677567
  39.16	  0.2263492495
  39.17	  0.2262207866
  39.18	  0.2259824127
  39.19	  0.2256342471
  39.20	  0.2251764536
  39.21	  0.2246092558
  39.22	  0.2239329219
  39.23	  0.2231477797
  39.24	  0.2222541869
  39.25	  0.2212526053
  39.26	  0.2201434821
  39.27	  0.2189273536
  39.28	  0.2176048160
  39.29	  0.2161764801
  39.30	  0.2146430463
  39.31	  0.2130052447
  39.32	  0.2112638503
  39.33	  0.2094197124
  39.34	  0.2074737102
  39.35	  0.2054267675
  39.36	  0.2032798678
  39.37	  0.2010340542
  39.38	  0.1986903846
  39.39	  0.1962500066
  39.40	  0.1937140822
  39.41	  0.1910838336
  39.42	  0.1883605123
  39.43	  0.1855454445
  39.44	  0.1826399863
  39.45	  0.1796455234
  39.46	  0.1765635014
  39.47	  0.1733954251
  39.48	  0.1701427996
  39.49	  0.1668072194
  39.50	  0.1633902639
  39.51	  0.1598936170
  39.52	  0.1563189477
  39.53	  0.1526679993
  39.54	  0.1489425302
  39.55	  0.1451443434
  39.56	  0.1412753016
  39.57	  0.1373372525
  39.58	  0.1333321184
  39.59	  0.1292618513
  39.60	  0.1251284182
  39.61	  0.1209338382
  39.62	  0.1166801378
  39.63	  0.1123693958
  39.64	  0.1080037132
  39.65	  0.1035852060
  39.66	  0.0991160348
  39.67	  0.0945983753
  39.68	  0.0900344327
  39.69	  0.0854264274
  39.70	  0.0807766244
  39.71	  0.0760872737
  39.72	  0.0713606849
  39.73	  0.0665991530
  39.74	  0.0618050136
  39.75	  0.0569806099
  39.76	  0.0521283001
  39.77	  0.0472504571
  39.78	  0.0423494726
  39.79	  0.0374277420
  39.80	  0.0324876755
  39.81	  0.0275316946
  39.82	  0.0225622244
  39.83	  0.0175816994
  39.84	  0.0125925587
  39.85	  0.0075972490
  39.86	  0.0025982165
  39.87	  -0.0024020891
  39.88	  -0.0074012177
  39.89	  -0.0123967202
  39.90	  -0.0173861478
  39.91	  -0.0223670565
  39.92	  -0.0273370072
  39.93	  -0.0322935656
  39.94	  -0.0372342989
  39.95	  -0.0421567932
  39.96	  -0.0470586382
  39.97	  -0.0519374311
  39.98	  -0.0567907877
  39.99	  -0.0616163313
  40.00	  -0.0664117038
