48762	 0.0000000000
48763	 0.0000000000
48764	 0.0000000000
48765	 0.0000000000
48766	 0.0000000001
48767	 0.0000000000
48768	 0.0000000000
48769	 0.0000000000
48770	 0.0000000000
48771	 0.0000000000
48772	 0.0000000000
48773	 0.0000000000
48774	 0.0000000000
48775	 0.0000000001
48776	 0.0000000001
48777	 0.0000000001
48778	 0.0000000002
48779	 0.0000000002
48780	 0.0000000003
48781	 0.0000000002
48782	 0.0000000003
48783	 0.0000000003
48784	 0.0000000004
48785	 0.0000000004
48786	 0.0000000004
48787	 0.0000000005
48788	 0.0000000005
48789	 0.0000000005
48790	 0.0000000005
48791	 0.0000000005
48792	 0.0000000005
48793	 0.0000000006
48794	 0.0000000008
48795	 0.0000000007
48796	 0.0000000005
48797	 0.0000000004
48798	 0.0000000005
48799	 0.0000000005
48800	 0.0000000004
48801	 0.0000000003
48802	 0.0000000009
48803	 0.0000000046
48804	 0.0000000114
48805	 0.0000000181
48806	 0.0000000268
48807	 0.0000000239
48808	 0.0000000234
48809	 0.0000000245
48810	 0.0000000319
48811	 0.0000000257
48812	 0.0000000251
48813	 0.0000000314
48814	 0.0000000412
48815	 0.0000000534
48816	 0.0000000700
48817	 0.0000000500
48818	 0.0000000353
48819	 0.0000000527
48820	 0.0000000699
48821	 0.0000000703
48822	 0.0000000463
48823	 0.0000000468
48824	 0.0000000421
48825	 0.0000000535
48826	 0.0000000552
48827	 0.0000000569
48828	 0.0000000498
48829	 0.0000000483
48830	 0.0000000600
48831	 0.0000000666
48832	 0.0000000603
48833	 0.0000000572
48834	 0.0000000547
48835	 0.0000000487
48836	 0.0000000333
48837	 0.0000000368
48838	 0.0000000535
48839	 0.0000000640
48840	 0.0000000771
48841	 0.0000000895
48842	 0.0000000917
48843	 0.0000000948
48844	 0.0000000985
48845	 0.0000001051
48846	 0.0000001343
48847	 0.0000001699
48848	 0.0000001943
48849	 0.0000002072
48850	 0.0000002076
48851	 0.0000002227
48852	 0.0000002225
48853	 0.0000002167
48854	 0.0000002269
48855	 0.0000002351
48856	 0.0000002760
48857	 0.0000002787
48858	 0.0000002874
48859	 0.0000003390
48860	 0.0000003626
48861	 0.0000003526
48862	 0.0000003416
48863	 0.0000003638
48864	 0.0000004106
48865	 0.0000003968
48866	 0.0000003551
48867	 0.0000003661
48868	 0.0000004243
48869	 0.0000004375
48870	 0.0000004297
48871	 0.0000003955
48872	 0.0000003998
48873	 0.0000004097
48874	 0.0000004224
48875	 0.0000004082
48876	 0.0000004383
48877	 0.0000004632
48878	 0.0000004766
48879	 0.0000005135
48880	 0.0000005308
48881	 0.0000005640
48882	 0.0000005878
48883	 0.0000006112
48884	 0.0000005862
48885	 0.0000005888
48886	 0.0000005789
48887	 0.0000005759
48888	 0.0000005500
48889	 0.0000006129
48890	 0.0000006530
48891	 0.0000006772
48892	 0.0000007562
48893	 0.0000007252
48894	 0.0000007611
48895	 0.0000007836
48896	 0.0000008263
48897	 0.0000009333
48898	 0.0000009864
48899	 0.0000009496
48900	 0.0000010485
48901	 0.0000011057
48902	 0.0000010720
48903	 0.0000012080
48904	 0.0000012870
48905	 0.0000012864
48906	 0.0000013608
48907	 0.0000014317
48908	 0.0000015179
48909	 0.0000015384
48910	 0.0000014581
48911	 0.0000013315
48912	 0.0000012404
48913	 0.0000012593
48914	 0.0000012672
48915	 0.0000012519
48916	 0.0000012713
48917	 0.0000012296
48918	 0.0000011313
48919	 0.0000010604
48920	 0.0000010042
48921	 0.0000009913
48922	 0.0000009990
48923	 0.0000010678
48924	 0.0000010883
48925	 0.0000010184
48926	 0.0000009175
48927	 0.0000008850
48928	 0.0000008692
48929	 0.0000008440
48930	 0.0000008429
48931	 0.0000008985
48932	 0.0000008820
48933	 0.0000009700
48934	 0.0000009922
48935	 0.0000010361
48936	 0.0000010868
48937	 0.0000010306
48938	 0.0000011043
48939	 0.0000011044
48940	 0.0000011066
48941	 0.0000011183
48942	 0.0000012133
48943	 0.0000011759
48944	 0.0000012368
48945	 0.0000012311
48946	 0.0000012949
48947	 0.0000012452
48948	 0.0000012225
48949	 0.0000012523
48950	 0.0000012051
48951	 0.0000011528
48952	 0.0000011823
48953	 0.0000011982
48954	 0.0000011904
48955	 0.0000011116
48956	 0.0000010082
48957	 0.0000010476
48958	 0.0000010016
48959	 0.0000009685
48960	 0.0000009323
48961	 0.0000009387
48962	 0.0000008610
48963	 0.0000008201
48964	 0.0000008465
48965	 0.0000009047
48966	 0.0000009037
48967	 0.0000010511
48968	 0.0000011399
48969	 0.0000010731
48970	 0.0000009315
48971	 0.0000007814
48972	 0.0000007668
48973	 0.0000007268
48974	 0.0000006886
48975	 0.0000007007
48976	 0.0000006855
48977	 0.0000007075
48978	 0.0000007143
48979	 0.0000007308
48980	 0.0000007673
48981	 0.0000008274
48982	 0.0000008868
48983	 0.0000010305
48984	 0.0000011005
48985	 0.0000011266
48986	 0.0000011584
48987	 0.0000011566
48988	 0.0000010721
48989	 0.0000010777
48990	 0.0000011364
48991	 0.0000011448
48992	 0.0000010786
48993	 0.0000010952
48994	 0.0000010971
48995	 0.0000011718
48996	 0.0000012245
48997	 0.0000012717
48998	 0.0000012826
48999	 0.0000012866
49000	 0.0000013784
49001	 0.0000014433
49002	 0.0000015712
49003	 0.0000016440
49004	 0.0000016089
49005	 0.0000017235
49006	 0.0000017574
49007	 0.0000017370
49008	 0.0000017647
49009	 0.0000018448
49010	 0.0000019047
49011	 0.0000019275
49012	 0.0000019576
49013	 0.0000019564
49014	 0.0000020142
49015	 0.0000019289
49016	 0.0000018959
49017	 0.0000019639
49018	 0.0000019694
49019	 0.0000020273
49020	 0.0000019525
49021	 0.0000018867
49022	 0.0000017471
49023	 0.0000017542
49024	 0.0000018108
49025	 0.0000018216
49026	 0.0000019066
49027	 0.0000019005
49028	 0.0000019275
49029	 0.0000020395
49030	 0.0000021630
49031	 0.0000021995
49032	 0.0000021787
49033	 0.0000023239
49034	 0.0000023647
49035	 0.0000024513
49036	 0.0000026405
49037	 0.0000028736
49038	 0.0000029668
49039	 0.0000028980
49040	 0.0000026989
49041	 0.0000026659
49042	 0.0000025721
49043	 0.0000024835
49044	 0.0000022955
49045	 0.0000022358
49046	 0.0000021536
49047	 0.0000020717
49048	 0.0000021287
49049	 0.0000020729
49050	 0.0000020075
49051	 0.0000020089
49052	 0.0000020475
49053	 0.0000021617
49054	 0.0000022448
49055	 0.0000022154
49056	 0.0000021670
49057	 0.0000022777
49058	 0.0000024601
49059	 0.0000024597
49060	 0.0000024370
49061	 0.0000025750
49062	 0.0000025940
49063	 0.0000026272
49064	 0.0000026373
49065	 0.0000027541
49066	 0.0000027258
49067	 0.0000028381
49068	 0.0000031087
49069	 0.0000033485
49070	 0.0000035014
49071	 0.0000034535
49072	 0.0000033232
49073	 0.0000034713
49074	 0.0000035930
49075	 0.0000035388
49076	 0.0000034247
49077	 0.0000034133
49078	 0.0000034477
49079	 0.0000033048
49080	 0.0000034040
49081	 0.0000032660
49082	 0.0000033038
49083	 0.0000032292
49084	 0.0000031809
49085	 0.0000032433
49086	 0.0000032432
49087	 0.0000031109
49088	 0.0000030737
49089	 0.0000032116
49090	 0.0000032380
49091	 0.0000032452
49092	 0.0000030603
49093	 0.0000030646
49094	 0.0000030699
49095	 0.0000030667
49096	 0.0000030176
49097	 0.0000028920
49098	 0.0000029433
49099	 0.0000031459
49100	 0.0000032052
49101	 0.0000031555
49102	 0.0000032072
49103	 0.0000031811
49104	 0.0000031799
49105	 0.0000030938
49106	 0.0000030072
49107	 0.0000030046
49108	 0.0000030788
49109	 0.0000030472
49110	 0.0000030258
49111	 0.0000032007
49112	 0.0000033431
49113	 0.0000034910
49114	 0.0000035432
49115	 0.0000037910
49116	 0.0000041361
49117	 0.0000044681
49118	 0.0000044357
49119	 0.0000043304
49120	 0.0000043152
49121	 0.0000043784
49122	 0.0000045514
49123	 0.0000046752
49124	 0.0000046560
49125	 0.0000047135
49126	 0.0000047474
49127	 0.0000048664
49128	 0.0000048601
49129	 0.0000049374
49130	 0.0000048372
49131	 0.0000048927
49132	 0.0000050292
49133	 0.0000051560
49134	 0.0000053517
49135	 0.0000056465
49136	 0.0000058779
49137	 0.0000057806
49138	 0.0000058362
49139	 0.0000056923
49140	 0.0000055190
49141	 0.0000053960
49142	 0.0000052060
49143	 0.0000053322
49144	 0.0000052743
49145	 0.0000054273
49146	 0.0000055640
49147	 0.0000055583
49148	 0.0000053675
49149	 0.0000052850
49150	 0.0000053538
49151	 0.0000052950
49152	 0.0000052715
49153	 0.0000053649
49154	 0.0000054516
49155	 0.0000054447
49156	 0.0000056473
49157	 0.0000056869
49158	 0.0000058570
49159	 0.0000059518
49160	 0.0000063607
49161	 0.0000066106
49162	 0.0000068472
49163	 0.0000067568
49164	 0.0000071623
49165	 0.0000073544
49166	 0.0000075715
49167	 0.0000077286
49168	 0.0000074747
49169	 0.0000074410
49170	 0.0000079098
49171	 0.0000082136
49172	 0.0000083397
49173	 0.0000084001
49174	 0.0000085880
49175	 0.0000086601
49176	 0.0000087952
49177	 0.0000088979
49178	 0.0000090221
49179	 0.0000091505
49180	 0.0000092392
49181	 0.0000092795
49182	 0.0000091941
49183	 0.0000093212
49184	 0.0000094680
49185	 0.0000097694
49186	 0.0000099865
49187	 0.0000101843
49188	 0.0000103981
49189	 0.0000106602
49190	 0.0000106789
49191	 0.0000104936
49192	 0.0000105174
49193	 0.0000106547
49194	 0.0000108811
49195	 0.0000110543
49196	 0.0000112713
49197	 0.0000112255
49198	 0.0000113901
49199	 0.0000119922
49200	 0.0000120388
49201	 0.0000121297
49202	 0.0000121427
49203	 0.0000122088
49204	 0.0000123858
49205	 0.0000126539
49206	 0.0000129681
49207	 0.0000127241
49208	 0.0000127401
49209	 0.0000129322
49210	 0.0000132355
49211	 0.0000133614
49212	 0.0000135853
49213	 0.0000136769
49214	 0.0000139243
49215	 0.0000142396
49216	 0.0000146188
49217	 0.0000146079
49218	 0.0000146006
49219	 0.0000144539
49220	 0.0000144909
49221	 0.0000144358
49222	 0.0000143211
49223	 0.0000144120
49224	 0.0000145421
49225	 0.0000147946
49226	 0.0000151181
49227	 0.0000151387
49228	 0.0000153384
49229	 0.0000155288
49230	 0.0000158211
49231	 0.0000162265
49232	 0.0000160692
49233	 0.0000159960
49234	 0.0000163129
49235	 0.0000166463
49236	 0.0000168474
49237	 0.0000166036
49238	 0.0000163160
49239	 0.0000169221
49240	 0.0000173549
49241	 0.0000178705
49242	 0.0000180378
49243	 0.0000184435
49244	 0.0000192222
49245	 0.0000191866
49246	 0.0000196185
49247	 0.0000198779
49248	 0.0000195544
49249	 0.0000198232
49250	 0.0000202470
49251	 0.0000203354
49252	 0.0000203119
49253	 0.0000201273
49254	 0.0000203533
49255	 0.0000204927
49256	 0.0000208395
49257	 0.0000208015
49258	 0.0000212028
49259	 0.0000212140
49260	 0.0000209720
49261	 0.0000208893
49262	 0.0000212517
49263	 0.0000218885
49264	 0.0000218721
49265	 0.0000220696
49266	 0.0000224119
49267	 0.0000226917
49268	 0.0000227472
49269	 0.0000230440
49270	 0.0000231449
49271	 0.0000231692
49272	 0.0000235057
49273	 0.0000237959
49274	 0.0000236752
49275	 0.0000239241
49276	 0.0000231938
49277	 0.0000226366
49278	 0.0000227551
49279	 0.0000230000
49280	 0.0000230716
49281	 0.0000227922
49282	 0.0000229357
49283	 0.0000228562
49284	 0.0000227981
49285	 0.0000232628
49286	 0.0000238546
49287	 0.0000243176
49288	 0.0000248655
49289	 0.0000251101
49290	 0.0000253670
49291	 0.0000258018
49292	 0.0000267440
49293	 0.0000280760
49294	 0.0000286070
49295	 0.0000291774
49296	 0.0000293105
49297	 0.0000298161
49298	 0.0000305081
49299	 0.0000306858
49300	 0.0000306132
49301	 0.0000308522
49302	 0.0000314532
49303	 0.0000318429
49304	 0.0000319211
49305	 0.0000318971
49306	 0.0000319897
49307	 0.0000317719
49308	 0.0000317025
49309	 0.0000326480
49310	 0.0000334759
49311	 0.0000338598
49312	 0.0000349260
49313	 0.0000353062
49314	 0.0000349768
49315	 0.0000347097
49316	 0.0000348383
49317	 0.0000353061
49318	 0.0000357784
49319	 0.0000361621
49320	 0.0000362133
49321	 0.0000364882
49322	 0.0000370111
49323	 0.0000371612
49324	 0.0000376312
49325	 0.0000379877
49326	 0.0000382602
49327	 0.0000384038
49328	 0.0000385093
49329	 0.0000393300
49330	 0.0000398925
49331	 0.0000400588
49332	 0.0000407751
49333	 0.0000412414
49334	 0.0000409744
49335	 0.0000412664
49336	 0.0000415748
49337	 0.0000419150
49338	 0.0000419426
49339	 0.0000430890
49340	 0.0000434804
49341	 0.0000442232
49342	 0.0000442895
49343	 0.0000445401
49344	 0.0000446195
49345	 0.0000446271
49346	 0.0000448560
49347	 0.0000450645
49348	 0.0000454505
49349	 0.0000461585
49350	 0.0000465283
49351	 0.0000468916
49352	 0.0000467037
49353	 0.0000473167
49354	 0.0000477820
49355	 0.0000482124
49356	 0.0000483987
49357	 0.0000485419
49358	 0.0000489796
49359	 0.0000500175
49360	 0.0000505568
49361	 0.0000511183
49362	 0.0000518160
49363	 0.0000520554
49364	 0.0000522633
49365	 0.0000526195
49366	 0.0000526963
49367	 0.0000532061
49368	 0.0000532633
49369	 0.0000535022
49370	 0.0000540232
49371	 0.0000543716
49372	 0.0000549509
49373	 0.0000563386
49374	 0.0000572598
49375	 0.0000569299
49376	 0.0000567264
49377	 0.0000576544
49378	 0.0000573750
49379	 0.0000580476
49380	 0.0000582241
49381	 0.0000583686
49382	 0.0000586611
49383	 0.0000595837
49384	 0.0000600023
49385	 0.0000605959
49386	 0.0000607340
49387	 0.0000617539
49388	 0.0000617495
49389	 0.0000624061
49390	 0.0000632813
49391	 0.0000637537
49392	 0.0000640115
49393	 0.0000646260
49394	 0.0000651821
49395	 0.0000656845
49396	 0.0000663797
49397	 0.0000659465
49398	 0.0000658421
49399	 0.0000666179
49400	 0.0000668876
49401	 0.0000671897
49402	 0.0000678295
49403	 0.0000683653
49404	 0.0000686218
49405	 0.0000694735
49406	 0.0000700482
49407	 0.0000706876
49408	 0.0000712893
49409	 0.0000716371
49410	 0.0000720695
49411	 0.0000731135
49412	 0.0000735107
49413	 0.0000732729
49414	 0.0000737594
49415	 0.0000742044
49416	 0.0000751244
49417	 0.0000753199
49418	 0.0000760740
49419	 0.0000767284
49420	 0.0000771009
49421	 0.0000768874
49422	 0.0000773809
49423	 0.0000780201
49424	 0.0000780460
49425	 0.0000784098
49426	 0.0000791491
49427	 0.0000804906
49428	 0.0000815540
49429	 0.0000820416
49430	 0.0000819466
49431	 0.0000827385
49432	 0.0000838558
49433	 0.0000850631
49434	 0.0000847806
49435	 0.0000847509
49436	 0.0000845961
49437	 0.0000857576
49438	 0.0000863137
49439	 0.0000866539
49440	 0.0000865617
49441	 0.0000865483
49442	 0.0000867307
49443	 0.0000870623
49444	 0.0000876158
49445	 0.0000884585
49446	 0.0000903596
49447	 0.0000917115
49448	 0.0000930647
49449	 0.0000941430
49450	 0.0000952071
49451	 0.0000955723
49452	 0.0000951654
49453	 0.0000958695
49454	 0.0000965402
49455	 0.0000967378
49456	 0.0000970271
49457	 0.0000975681
49458	 0.0000985014
49459	 0.0000985354
49460	 0.0000993748
49461	 0.0000995791
49462	 0.0001000776
49463	 0.0001015005
49464	 0.0001028549
49465	 0.0001035947
49466	 0.0001037634
49467	 0.0001043747
49468	 0.0001054814
49469	 0.0001065535
49470	 0.0001071174
49471	 0.0001077648
49472	 0.0001089526
49473	 0.0001103290
49474	 0.0001122558
49475	 0.0001134666
49476	 0.0001146642
49477	 0.0001152813
49478	 0.0001166202
49479	 0.0001169596
49480	 0.0001175880
49481	 0.0001186327
49482	 0.0001194852
49483	 0.0001208012
49484	 0.0001214358
49485	 0.0001216589
49486	 0.0001226927
49487	 0.0001234615
49488	 0.0001241448
49489	 0.0001250837
49490	 0.0001262545
49491	 0.0001273186
49492	 0.0001290464
49493	 0.0001302231
49494	 0.0001310950
49495	 0.0001319934
49496	 0.0001329711
49497	 0.0001339181
49498	 0.0001360262
49499	 0.0001375399
49500	 0.0001381081
49501	 0.0001384968
49502	 0.0001391607
49503	 0.0001404602
49504	 0.0001411433
49505	 0.0001410185
49506	 0.0001418821
49507	 0.0001432344
49508	 0.0001446659
49509	 0.0001465860
49510	 0.0001479938
49511	 0.0001492689
49512	 0.0001517423
49513	 0.0001541155
49514	 0.0001560910
49515	 0.0001570745
49516	 0.0001576870
49517	 0.0001574591
49518	 0.0001590251
49519	 0.0001604058
49520	 0.0001612469
49521	 0.0001628312
49522	 0.0001635267
49523	 0.0001655987
49524	 0.0001676503
49525	 0.0001693560
49526	 0.0001710765
49527	 0.0001726523
49528	 0.0001750094
49529	 0.0001777837
49530	 0.0001789105
49531	 0.0001795924
49532	 0.0001800527
49533	 0.0001821172
49534	 0.0001825227
49535	 0.0001821666
49536	 0.0001837330
49537	 0.0001850276
49538	 0.0001862994
49539	 0.0001873034
49540	 0.0001889459
49541	 0.0001918994
49542	 0.0001933735
49543	 0.0001945624
49544	 0.0001967556
49545	 0.0001989324
49546	 0.0002008088
49547	 0.0002012775
49548	 0.0002039109
49549	 0.0002079875
49550	 0.0002109307
49551	 0.0002125716
49552	 0.0002131485
49553	 0.0002145742
49554	 0.0002160140
49555	 0.0002164622
49556	 0.0002169556
49557	 0.0002187364
49558	 0.0002205484
49559	 0.0002214347
49560	 0.0002241860
49561	 0.0002270269
49562	 0.0002286879
49563	 0.0002298487
49564	 0.0002300144
49565	 0.0002320538
49566	 0.0002339341
49567	 0.0002350857
49568	 0.0002369569
49569	 0.0002407298
49570	 0.0002430702
49571	 0.0002448571
49572	 0.0002466621
49573	 0.0002485915
49574	 0.0002505734
49575	 0.0002523126
49576	 0.0002541561
49577	 0.0002565237
49578	 0.0002585968
49579	 0.0002596864
49580	 0.0002608729
49581	 0.0002624048
49582	 0.0002645790
49583	 0.0002668464
49584	 0.0002683368
49585	 0.0002707473
49586	 0.0002726998
49587	 0.0002754555
49588	 0.0002765527
49589	 0.0002782905
49590	 0.0002792094
49591	 0.0002816322
49592	 0.0002853455
49593	 0.0002886317
49594	 0.0002914946
49595	 0.0002941577
49596	 0.0002974128
49597	 0.0002997473
49598	 0.0003027941
49599	 0.0003051297
49600	 0.0003074382
49601	 0.0003082236
49602	 0.0003097454
49603	 0.0003109592
49604	 0.0003117344
49605	 0.0003123341
49606	 0.0003137962
49607	 0.0003174003
49608	 0.0003203255
49609	 0.0003223972
49610	 0.0003249070
49611	 0.0003262412
49612	 0.0003282063
49613	 0.0003309032
49614	 0.0003323568
49615	 0.0003358203
49616	 0.0003392183
49617	 0.0003415102
49618	 0.0003446738
49619	 0.0003480981
49620	 0.0003504345
49621	 0.0003533783
49622	 0.0003557744
49623	 0.0003604803
49624	 0.0003629771
49625	 0.0003662770
49626	 0.0003696998
49627	 0.0003709548
49628	 0.0003733980
49629	 0.0003749216
49630	 0.0003767275
49631	 0.0003803475
49632	 0.0003840860
49633	 0.0003874139
49634	 0.0003897875
49635	 0.0003923731
49636	 0.0003947379
49637	 0.0003965352
49638	 0.0003965240
49639	 0.0003990928
49640	 0.0004003299
49641	 0.0004039000
49642	 0.0004081847
49643	 0.0004108704
49644	 0.0004148529
49645	 0.0004163852
49646	 0.0004184523
49647	 0.0004225428
49648	 0.0004262059
49649	 0.0004297237
49650	 0.0004337689
49651	 0.0004376484
49652	 0.0004385543
49653	 0.0004415251
49654	 0.0004447896
49655	 0.0004485926
49656	 0.0004516924
49657	 0.0004538424
49658	 0.0004584268
49659	 0.0004608296
49660	 0.0004635885
49661	 0.0004666386
49662	 0.0004696688
49663	 0.0004724247
49664	 0.0004748906
49665	 0.0004763383
49666	 0.0004770508
49667	 0.0004785696
49668	 0.0004817837
49669	 0.0004850640
49670	 0.0004878528
49671	 0.0004896491
49672	 0.0004894083
49673	 0.0004888156
49674	 0.0004906607
49675	 0.0004939128
49676	 0.0004970873
49677	 0.0004974291
49678	 0.0004979134
49679	 0.0004998192
49680	 0.0005026143
49681	 0.0005041840
49682	 0.0005074541
49683	 0.0005108252
49684	 0.0005153890
49685	 0.0005183145
49686	 0.0005224620
49687	 0.0005260372
49688	 0.0005301769
49689	 0.0005351495
49690	 0.0005396435
49691	 0.0005432162
49692	 0.0005462069
49693	 0.0005484653
49694	 0.0005516010
49695	 0.0005548059
49696	 0.0005568661
49697	 0.0005603886
49698	 0.0005642500
49699	 0.0005679755
49700	 0.0005689608
49701	 0.0005739440
49702	 0.0005770449
49703	 0.0005784248
49704	 0.0005820342
49705	 0.0005849195
49706	 0.0005902280
49707	 0.0005972897
49708	 0.0006018078
49709	 0.0006050499
49710	 0.0006062297
49711	 0.0006098173
49712	 0.0006135045
49713	 0.0006160612
49714	 0.0006206224
49715	 0.0006258348
49716	 0.0006291631
49717	 0.0006302568
49718	 0.0006338607
49719	 0.0006377489
49720	 0.0006397109
49721	 0.0006419442
49722	 0.0006428425
49723	 0.0006453399
49724	 0.0006509751
49725	 0.0006537160
49726	 0.0006588238
49727	 0.0006632373
49728	 0.0006685544
49729	 0.0006736364
49730	 0.0006783771
49731	 0.0006815231
49732	 0.0006860630
49733	 0.0006898193
49734	 0.0006942097
49735	 0.0006977925
49736	 0.0007039937
49737	 0.0007058176
49738	 0.0007084537
49739	 0.0007122090
49740	 0.0007154140
49741	 0.0007225346
49742	 0.0007274229
49743	 0.0007334611
49744	 0.0007378667
49745	 0.0007394936
49746	 0.0007424465
49747	 0.0007482580
49748	 0.0007547191
49749	 0.0007570686
49750	 0.0007612268
49751	 0.0007669338
49752	 0.0007748329
49753	 0.0007815316
49754	 0.0007854534
49755	 0.0007881750
49756	 0.0007920487
49757	 0.0007970216
49758	 0.0007999337
49759	 0.0008042083
49760	 0.0008068689
49761	 0.0008120302
49762	 0.0008199261
49763	 0.0008227918
49764	 0.0008266989
49765	 0.0008296427
49766	 0.0008343049
49767	 0.0008375209
49768	 0.0008416940
49769	 0.0008449108
49770	 0.0008468783
49771	 0.0008529070
49772	 0.0008588616
49773	 0.0008642893
49774	 0.0008711123
49775	 0.0008772110
49776	 0.0008814448
49777	 0.0008872964
49778	 0.0008922830
49779	 0.0008974125
49780	 0.0009002955
49781	 0.0009068146
49782	 0.0009124124
49783	 0.0009164197
49784	 0.0009239451
49785	 0.0009297500
49786	 0.0009361600
49787	 0.0009412394
49788	 0.0009466590
49789	 0.0009501378
49790	 0.0009544356
49791	 0.0009572166
49792	 0.0009615005
49793	 0.0009673907
49794	 0.0009751181
49795	 0.0009797501
49796	 0.0009832657
49797	 0.0009868834
49798	 0.0009913718
49799	 0.0009972519
49800	 0.0010018976
49801	 0.0010062325
49802	 0.0010110650
49803	 0.0010171459
49804	 0.0010230315
49805	 0.0010277718
49806	 0.0010342021
49807	 0.0010410476
49808	 0.0010459565
49809	 0.0010507243
49810	 0.0010565645
49811	 0.0010607059
49812	 0.0010602793
49813	 0.0010623278
49814	 0.0010664219
49815	 0.0010713865
49816	 0.0010750136
49817	 0.0010803037
49818	 0.0010854973
49819	 0.0010914572
49820	 0.0010954542
49821	 0.0011044588
49822	 0.0011130985
49823	 0.0011174602
49824	 0.0011207409
49825	 0.0011264848
49826	 0.0011330341
49827	 0.0011409994
49828	 0.0011490326
49829	 0.0011523354
49830	 0.0011547988
49831	 0.0011596839
49832	 0.0011627496
49833	 0.0011683977
49834	 0.0011755328
49835	 0.0011790768
49836	 0.0011818788
49837	 0.0011871242
49838	 0.0011975205
49839	 0.0012035936
49840	 0.0012105893
49841	 0.0012128073
49842	 0.0012174797
49843	 0.0012222908
49844	 0.0012290640
49845	 0.0012345471
49846	 0.0012384781
49847	 0.0012447027
49848	 0.0012523612
49849	 0.0012577659
49850	 0.0012641223
49851	 0.0012742113
49852	 0.0012843650
49853	 0.0012905664
49854	 0.0012940381
49855	 0.0012991176
49856	 0.0013071914
49857	 0.0013146838
49858	 0.0013181879
49859	 0.0013268877
49860	 0.0013350728
49861	 0.0013405473
49862	 0.0013494443
49863	 0.0013539960
49864	 0.0013590503
49865	 0.0013646408
49866	 0.0013727757
49867	 0.0013784861
49868	 0.0013824424
49869	 0.0013900246
49870	 0.0013975527
49871	 0.0014038509
49872	 0.0014081001
49873	 0.0014129849
49874	 0.0014190093
49875	 0.0014270686
49876	 0.0014360490
49877	 0.0014459587
49878	 0.0014528307
49879	 0.0014591492
49880	 0.0014667502
49881	 0.0014759146
49882	 0.0014832637
49883	 0.0014835989
49884	 0.0014867326
49885	 0.0014920507
49886	 0.0015028472
49887	 0.0015110708
49888	 0.0015179345
49889	 0.0015254941
49890	 0.0015313681
49891	 0.0015367073
49892	 0.0015428807
49893	 0.0015481597
49894	 0.0015532792
49895	 0.0015594351
49896	 0.0015671253
49897	 0.0015768945
49898	 0.0015873553
49899	 0.0015962043
49900	 0.0016044517
49901	 0.0016103287
49902	 0.0016174895
49903	 0.0016218430
49904	 0.0016276520
49905	 0.0016316158
49906	 0.0016377327
49907	 0.0016475127
49908	 0.0016555581
49909	 0.0016664139
49910	 0.0016754571
49911	 0.0016837133
49912	 0.0016900258
49913	 0.0016973104
49914	 0.0017056585
49915	 0.0017134029
49916	 0.0017180346
49917	 0.0017273206
49918	 0.0017381251
49919	 0.0017447645
49920	 0.0017526072
49921	 0.0017654840
49922	 0.0017759810
49923	 0.0017897518
49924	 0.0018006653
49925	 0.0018104212
49926	 0.0018152542
49927	 0.0018253723
49928	 0.0018386740
49929	 0.0018505587
49930	 0.0018616533
49931	 0.0018705608
49932	 0.0018788059
49933	 0.0018864340
49934	 0.0018968592
49935	 0.0019099755
49936	 0.0019207271
49937	 0.0019279183
49938	 0.0019387494
49939	 0.0019457642
49940	 0.0019570542
49941	 0.0019637404
49942	 0.0019700244
49943	 0.0019782854
49944	 0.0019850144
49945	 0.0019971137
49946	 0.0020058688
49947	 0.0020140435
49948	 0.0020217318
49949	 0.0020323973
49950	 0.0020430404
49951	 0.0020508082
49952	 0.0020499904
49953	 0.0020569191
49954	 0.0020682700
49955	 0.0020800062
49956	 0.0020901571
49957	 0.0020978153
49958	 0.0021103066
49959	 0.0021201476
49960	 0.0021308412
49961	 0.0021408815
49962	 0.0021506507
49963	 0.0021605275
49964	 0.0021734786
49965	 0.0021874480
49966	 0.0021960275
49967	 0.0022058198
49968	 0.0022150650
49969	 0.0022281609
49970	 0.0022386074
49971	 0.0022505061
49972	 0.0022627200
49973	 0.0022731930
49974	 0.0022810285
49975	 0.0022897992
49976	 0.0023028351
49977	 0.0023153796
49978	 0.0023261223
49979	 0.0023343512
49980	 0.0023414844
49981	 0.0023509041
49982	 0.0023559558
49983	 0.0023652263
49984	 0.0023793837
49985	 0.0023931130
49986	 0.0024034555
49987	 0.0024075544
49988	 0.0024172774
49989	 0.0024296335
49990	 0.0024444544
49991	 0.0024480324
49992	 0.0024569641
49993	 0.0024680799
49994	 0.0024806958
49995	 0.0024966300
49996	 0.0025107667
49997	 0.0025188562
49998	 0.0025263625
49999	 0.0025387937
50000	 0.0025477388
50001	 0.0025389390
50002	 0.0025253091
50003	 0.0025105978
50004	 0.0025020483
50005	 0.0024956516
50006	 0.0024872334
50007	 0.0024764564
50008	 0.0024625465
50009	 0.0024524499
50010	 0.0024441071
50011	 0.0024314824
50012	 0.0024219186
50013	 0.0024172351
50014	 0.0024098741
50015	 0.0024021230
50016	 0.0023896766
50017	 0.0023755418
50018	 0.0023655903
50019	 0.0023605046
50020	 0.0023529971
50021	 0.0023436883
50022	 0.0023335438
50023	 0.0023217425
50024	 0.0023122309
50025	 0.0022953661
50026	 0.0022807648
50027	 0.0022696496
50028	 0.0022596209
50029	 0.0022517230
50030	 0.0022412254
50031	 0.0022305692
50032	 0.0022221585
50033	 0.0022151446
50034	 0.0022044424
50035	 0.0021920182
50036	 0.0021843880
50037	 0.0021773794
50038	 0.0021692194
50039	 0.0021606348
50040	 0.0021562669
50041	 0.0021449573
50042	 0.0021326940
50043	 0.0021255324
50044	 0.0021173095
50045	 0.0021040421
50046	 0.0020953465
50047	 0.0020874236
50048	 0.0020761313
50049	 0.0020692538
50050	 0.0020616257
50051	 0.0020542227
50052	 0.0020510285
50053	 0.0020449586
50054	 0.0020369871
50055	 0.0020305864
50056	 0.0020209594
50057	 0.0020088705
50058	 0.0019955169
50059	 0.0019870609
50060	 0.0019741481
50061	 0.0019668569
50062	 0.0019585183
50063	 0.0019467051
50064	 0.0019386786
50065	 0.0019271615
50066	 0.0019233113
50067	 0.0019199892
50068	 0.0019084637
50069	 0.0018998576
50070	 0.0018905494
50071	 0.0018846352
50072	 0.0018738110
50073	 0.0018646519
50074	 0.0018557509
50075	 0.0018453761
50076	 0.0018409143
50077	 0.0018383833
50078	 0.0018334824
50079	 0.0018245566
50080	 0.0018111268
50081	 0.0017986586
50082	 0.0017916743
50083	 0.0017801641
50084	 0.0017698292
50085	 0.0017617782
50086	 0.0017532636
50087	 0.0017426791
50088	 0.0017377360
50089	 0.0017298341
50090	 0.0017229989
50091	 0.0017184669
50092	 0.0017136596
50093	 0.0017059638
50094	 0.0016992651
50095	 0.0016938318
50096	 0.0016886738
50097	 0.0016836838
50098	 0.0016761472
50099	 0.0016673346
50100	 0.0016627495
50101	 0.0016572509
50102	 0.0016484337
50103	 0.0016423461
50104	 0.0016347371
50105	 0.0016258239
50106	 0.0016176460
50107	 0.0016096962
50108	 0.0015988766
50109	 0.0015962114
50110	 0.0015931144
50111	 0.0015835741
50112	 0.0015750009
50113	 0.0015676788
50114	 0.0015588741
50115	 0.0015524886
50116	 0.0015479717
50117	 0.0015400017
50118	 0.0015309614
50119	 0.0015255169
50120	 0.0015211307
50121	 0.0015188891
50122	 0.0015119318
50123	 0.0015028410
50124	 0.0014969440
50125	 0.0014893964
50126	 0.0014840121
50127	 0.0014777756
50128	 0.0014715288
50129	 0.0014629550
50130	 0.0014497978
50131	 0.0014408246
50132	 0.0014327273
50133	 0.0014289822
50134	 0.0014203127
50135	 0.0014153476
50136	 0.0014094615
50137	 0.0014035828
50138	 0.0013958540
50139	 0.0013883447
50140	 0.0013829809
50141	 0.0013770841
50142	 0.0013678155
50143	 0.0013590000
50144	 0.0013561724
50145	 0.0013512467
50146	 0.0013435523
50147	 0.0013348894
50148	 0.0013282925
50149	 0.0013238749
50150	 0.0013158513
50151	 0.0013085804
50152	 0.0012984253
50153	 0.0012916040
50154	 0.0012843386
50155	 0.0012747880
50156	 0.0012674904
50157	 0.0012609820
50158	 0.0012534319
50159	 0.0012457262
50160	 0.0012394301
50161	 0.0012347369
50162	 0.0012284524
50163	 0.0012240440
50164	 0.0012192638
50165	 0.0012101887
50166	 0.0012047879
50167	 0.0012006279
50168	 0.0011934775
50169	 0.0011865572
50170	 0.0011808246
50171	 0.0011780905
50172	 0.0011735119
50173	 0.0011710690
50174	 0.0011664166
50175	 0.0011606555
50176	 0.0011548520
50177	 0.0011498143
50178	 0.0011443647
50179	 0.0011396272
50180	 0.0011349406
50181	 0.0011305097
50182	 0.0011255619
50183	 0.0011189683
50184	 0.0011133276
50185	 0.0011109506
50186	 0.0011046871
50187	 0.0010997148
50188	 0.0010954004
50189	 0.0010882841
50190	 0.0010819254
50191	 0.0010753960
50192	 0.0010691095
50193	 0.0010651421
50194	 0.0010625470
50195	 0.0010600103
50196	 0.0010562787
50197	 0.0010478622
50198	 0.0010411679
50199	 0.0010365689
50200	 0.0010287708
50201	 0.0010258850
50202	 0.0010238335
50203	 0.0010195445
50204	 0.0010138029
50205	 0.0010082608
50206	 0.0010011219
50207	 0.0009952210
50208	 0.0009893452
50209	 0.0009817077
50210	 0.0009764223
50211	 0.0009714989
50212	 0.0009666048
50213	 0.0009611005
50214	 0.0009593837
50215	 0.0009540933
50216	 0.0009502388
50217	 0.0009451140
50218	 0.0009410229
50219	 0.0009364332
50220	 0.0009308050
50221	 0.0009224824
50222	 0.0009176962
50223	 0.0009156353
50224	 0.0009135621
50225	 0.0009080714
50226	 0.0009053846
50227	 0.0008994331
50228	 0.0008962816
50229	 0.0008931772
50230	 0.0008908564
50231	 0.0008883983
50232	 0.0008860036
50233	 0.0008808961
50234	 0.0008747097
50235	 0.0008689970
50236	 0.0008636643
50237	 0.0008636014
50238	 0.0008621958
50239	 0.0008604495
50240	 0.0008559487
50241	 0.0008531694
50242	 0.0008507499
50243	 0.0008483539
50244	 0.0008409740
50245	 0.0008344095
50246	 0.0008296621
50247	 0.0008241717
50248	 0.0008165450
50249	 0.0008101960
50250	 0.0008058071
50251	 0.0007983731
50252	 0.0007926889
50253	 0.0007879126
50254	 0.0007834391
50255	 0.0007784561
50256	 0.0007704697
50257	 0.0007659692
50258	 0.0007623271
50259	 0.0007574682
50260	 0.0007533480
50261	 0.0007489846
50262	 0.0007448097
50263	 0.0007411854
50264	 0.0007376068
50265	 0.0007350126
50266	 0.0007316848
50267	 0.0007272478
50268	 0.0007259169
50269	 0.0007225827
50270	 0.0007205891
50271	 0.0007157700
50272	 0.0007120593
50273	 0.0007091734
50274	 0.0007054569
50275	 0.0007030853
50276	 0.0006981118
50277	 0.0006957712
50278	 0.0006934953
50279	 0.0006903438
50280	 0.0006871787
50281	 0.0006827143
50282	 0.0006793699
50283	 0.0006763167
50284	 0.0006736045
50285	 0.0006693680
50286	 0.0006649386
50287	 0.0006596001
50288	 0.0006557845
50289	 0.0006506021
50290	 0.0006458742
50291	 0.0006430237
50292	 0.0006388361
50293	 0.0006349789
50294	 0.0006317944
50295	 0.0006267260
50296	 0.0006229262
50297	 0.0006200213
50298	 0.0006134374
50299	 0.0006096485
50300	 0.0006082680
50301	 0.0006054375
50302	 0.0006012068
50303	 0.0005976996
50304	 0.0005931974
50305	 0.0005887008
50306	 0.0005855441
50307	 0.0005797172
50308	 0.0005764888
50309	 0.0005729752
50310	 0.0005685744
50311	 0.0005667263
50312	 0.0005660011
50313	 0.0005641425
50314	 0.0005643739
50315	 0.0005615252
50316	 0.0005568257
50317	 0.0005530229
50318	 0.0005518948
50319	 0.0005463033
50320	 0.0005393931
50321	 0.0005352514
50322	 0.0005317334
50323	 0.0005261581
50324	 0.0005218020
50325	 0.0005187835
50326	 0.0005161625
50327	 0.0005136668
50328	 0.0005101617
50329	 0.0005062261
50330	 0.0005013435
50331	 0.0004991536
50332	 0.0004975633
50333	 0.0004949007
50334	 0.0004934480
50335	 0.0004897374
50336	 0.0004858407
50337	 0.0004812054
50338	 0.0004789156
50339	 0.0004761358
50340	 0.0004714796
50341	 0.0004678539
50342	 0.0004672585
50343	 0.0004645704
50344	 0.0004605265
50345	 0.0004573429
50346	 0.0004543716
50347	 0.0004515322
50348	 0.0004496541
50349	 0.0004475259
50350	 0.0004459695
50351	 0.0004433467
50352	 0.0004406727
50353	 0.0004378895
50354	 0.0004324473
50355	 0.0004291800
50356	 0.0004256371
50357	 0.0004218142
50358	 0.0004180573
50359	 0.0004161627
50360	 0.0004131065
50361	 0.0004078693
50362	 0.0004052026
50363	 0.0004030599
50364	 0.0004001069
50365	 0.0003982855
50366	 0.0003956403
50367	 0.0003931347
50368	 0.0003918440
50369	 0.0003892130
50370	 0.0003876440
50371	 0.0003849196
50372	 0.0003824876
50373	 0.0003793662
50374	 0.0003760928
50375	 0.0003727282
50376	 0.0003718764
50377	 0.0003706101
50378	 0.0003681632
50379	 0.0003669397
50380	 0.0003660632
50381	 0.0003645259
50382	 0.0003630588
50383	 0.0003610697
50384	 0.0003580977
50385	 0.0003563761
50386	 0.0003550509
50387	 0.0003525572
50388	 0.0003496640
50389	 0.0003489649
50390	 0.0003459013
50391	 0.0003436982
50392	 0.0003401858
50393	 0.0003379098
50394	 0.0003369323
50395	 0.0003349875
50396	 0.0003328462
50397	 0.0003290169
50398	 0.0003271249
50399	 0.0003257402
50400	 0.0003244630
50401	 0.0003226431
50402	 0.0003192824
50403	 0.0003162366
50404	 0.0003146316
50405	 0.0003133564
50406	 0.0003106239
50407	 0.0003097398
50408	 0.0003078996
50409	 0.0003054724
50410	 0.0003018221
50411	 0.0002979628
50412	 0.0002962773
50413	 0.0002957079
50414	 0.0002922279
50415	 0.0002910943
50416	 0.0002887883
50417	 0.0002866334
50418	 0.0002844433
50419	 0.0002827809
50420	 0.0002822221
50421	 0.0002801018
50422	 0.0002779148
50423	 0.0002765137
50424	 0.0002744894
50425	 0.0002717603
50426	 0.0002700213
50427	 0.0002670997
50428	 0.0002665773
50429	 0.0002656810
50430	 0.0002662146
50431	 0.0002644073
50432	 0.0002616560
50433	 0.0002590876
50434	 0.0002577412
50435	 0.0002571656
50436	 0.0002548683
50437	 0.0002535546
50438	 0.0002520520
50439	 0.0002488356
50440	 0.0002451620
50441	 0.0002441349
50442	 0.0002425605
50443	 0.0002416272
50444	 0.0002404935
50445	 0.0002385869
50446	 0.0002361656
50447	 0.0002341868
50448	 0.0002319660
50449	 0.0002303240
50450	 0.0002282926
50451	 0.0002276171
50452	 0.0002262157
50453	 0.0002244801
50454	 0.0002223689
50455	 0.0002192976
50456	 0.0002173904
50457	 0.0002176784
50458	 0.0002173382
50459	 0.0002161664
50460	 0.0002148425
50461	 0.0002140081
50462	 0.0002125048
50463	 0.0002120400
50464	 0.0002109110
50465	 0.0002093374
50466	 0.0002079906
50467	 0.0002063471
50468	 0.0002043359
50469	 0.0002019131
50470	 0.0002010951
50471	 0.0002005845
50472	 0.0002011911
50473	 0.0002002351
50474	 0.0001995918
50475	 0.0001986259
50476	 0.0001971186
50477	 0.0001960902
50478	 0.0001946701
50479	 0.0001927942
50480	 0.0001908434
50481	 0.0001886817
50482	 0.0001881050
50483	 0.0001877704
50484	 0.0001860925
50485	 0.0001844191
50486	 0.0001825974
50487	 0.0001812064
50488	 0.0001804198
50489	 0.0001790085
50490	 0.0001773688
50491	 0.0001753911
50492	 0.0001742405
50493	 0.0001738906
50494	 0.0001738156
50495	 0.0001723119
50496	 0.0001700142
50497	 0.0001677356
50498	 0.0001658173
50499	 0.0001631358
50500	 0.0001606505
50501	 0.0001605759
50502	 0.0001591063
50503	 0.0001562491
50504	 0.0001548410
50505	 0.0001522104
50506	 0.0001502935
50507	 0.0001492968
50508	 0.0001481832
50509	 0.0001476171
50510	 0.0001465245
50511	 0.0001459917
50512	 0.0001454292
50513	 0.0001433182
50514	 0.0001416529
50515	 0.0001405841
50516	 0.0001382886
50517	 0.0001364538
50518	 0.0001357794
50519	 0.0001348388
50520	 0.0001332327
50521	 0.0001328745
50522	 0.0001314846
50523	 0.0001297035
50524	 0.0001288280
50525	 0.0001284485
50526	 0.0001285774
50527	 0.0001287685
50528	 0.0001276238
50529	 0.0001283055
50530	 0.0001282642
50531	 0.0001266155
50532	 0.0001254014
50533	 0.0001241250
50534	 0.0001235948
50535	 0.0001226145
50536	 0.0001227948
50537	 0.0001209073
50538	 0.0001190475
50539	 0.0001174592
50540	 0.0001171310
50541	 0.0001161972
50542	 0.0001151258
50543	 0.0001131400
50544	 0.0001120858
50545	 0.0001118107
50546	 0.0001114771
50547	 0.0001115181
50548	 0.0001106532
50549	 0.0001096397
50550	 0.0001078551
50551	 0.0001069093
50552	 0.0001062193
50553	 0.0001049804
50554	 0.0001035197
50555	 0.0001026943
50556	 0.0001015533
50557	 0.0001009320
50558	 0.0001003049
50559	 0.0001005575
50560	 0.0001007102
50561	 0.0001001821
50562	 0.0000987871
50563	 0.0000980679
50564	 0.0000968107
50565	 0.0000952214
50566	 0.0000941454
50567	 0.0000941539
50568	 0.0000935522
50569	 0.0000926311
50570	 0.0000914961
50571	 0.0000909759
50572	 0.0000896298
50573	 0.0000891837
50574	 0.0000884319
50575	 0.0000876935
50576	 0.0000861343
50577	 0.0000850841
50578	 0.0000844289
50579	 0.0000834185
50580	 0.0000827747
50581	 0.0000832642
50582	 0.0000834951
50583	 0.0000832567
50584	 0.0000823535
50585	 0.0000812207
50586	 0.0000809433
50587	 0.0000810100
50588	 0.0000813512
50589	 0.0000808166
50590	 0.0000799219
50591	 0.0000789359
50592	 0.0000790971
50593	 0.0000784924
50594	 0.0000780784
50595	 0.0000779416
50596	 0.0000777200
50597	 0.0000782556
50598	 0.0000776680
50599	 0.0000773393
50600	 0.0000774238
50601	 0.0000770932
50602	 0.0000763402
50603	 0.0000752799
50604	 0.0000741306
50605	 0.0000739865
50606	 0.0000730123
50607	 0.0000734449
50608	 0.0000732291
50609	 0.0000726313
50610	 0.0000716624
50611	 0.0000710169
50612	 0.0000707036
50613	 0.0000700754
50614	 0.0000691911
50615	 0.0000680932
50616	 0.0000669672
50617	 0.0000663654
50618	 0.0000650542
50619	 0.0000646571
50620	 0.0000643889
50621	 0.0000640362
50622	 0.0000628470
50623	 0.0000616528
50624	 0.0000602193
50625	 0.0000606369
50626	 0.0000604592
50627	 0.0000598777
50628	 0.0000594397
50629	 0.0000586720
50630	 0.0000577842
50631	 0.0000573510
50632	 0.0000575461
50633	 0.0000567947
50634	 0.0000557244
50635	 0.0000554101
50636	 0.0000541260
50637	 0.0000535845
50638	 0.0000524306
50639	 0.0000511437
50640	 0.0000508450
50641	 0.0000508139
50642	 0.0000506826
50643	 0.0000498200
50644	 0.0000492078
50645	 0.0000483316
50646	 0.0000473304
50647	 0.0000469207
50648	 0.0000463832
50649	 0.0000462756
50650	 0.0000464264
50651	 0.0000468876
50652	 0.0000466386
50653	 0.0000462681
50654	 0.0000452284
50655	 0.0000446795
50656	 0.0000444149
50657	 0.0000434597
50658	 0.0000423509
50659	 0.0000417200
50660	 0.0000409036
50661	 0.0000400271
50662	 0.0000400206
50663	 0.0000395300
50664	 0.0000387504
50665	 0.0000385524
50666	 0.0000378446
50667	 0.0000372403
50668	 0.0000370209
50669	 0.0000368266
50670	 0.0000361377
50671	 0.0000353867
50672	 0.0000351235
50673	 0.0000346704
50674	 0.0000338072
50675	 0.0000330292
50676	 0.0000335647
50677	 0.0000337080
50678	 0.0000335323
50679	 0.0000334007
50680	 0.0000332464
50681	 0.0000328776
50682	 0.0000323611
50683	 0.0000319236
50684	 0.0000312361
50685	 0.0000310953
50686	 0.0000304872
50687	 0.0000309064
50688	 0.0000309957
50689	 0.0000306026
50690	 0.0000303593
50691	 0.0000301853
50692	 0.0000296382
50693	 0.0000288203
50694	 0.0000280631
50695	 0.0000276502
50696	 0.0000276094
50697	 0.0000272875
50698	 0.0000270545
50699	 0.0000268419
50700	 0.0000257896
50701	 0.0000255481
50702	 0.0000255670
50703	 0.0000250437
50704	 0.0000246805
50705	 0.0000244730
50706	 0.0000242171
50707	 0.0000244512
50708	 0.0000248338
50709	 0.0000244516
50710	 0.0000245133
50711	 0.0000245757
50712	 0.0000244532
50713	 0.0000243540
50714	 0.0000240140
50715	 0.0000237241
50716	 0.0000234965
50717	 0.0000229710
50718	 0.0000221590
50719	 0.0000221207
50720	 0.0000223975
50721	 0.0000222187
50722	 0.0000219383
50723	 0.0000221806
50724	 0.0000225472
50725	 0.0000224644
50726	 0.0000223690
50727	 0.0000224558
50728	 0.0000224058
50729	 0.0000223909
50730	 0.0000223104
50731	 0.0000219460
50732	 0.0000218059
50733	 0.0000216961
50734	 0.0000219478
50735	 0.0000217628
50736	 0.0000212248
50737	 0.0000211746
50738	 0.0000215608
50739	 0.0000214749
50740	 0.0000216278
50741	 0.0000211004
50742	 0.0000209624
50743	 0.0000202494
50744	 0.0000194530
50745	 0.0000191188
50746	 0.0000184600
50747	 0.0000183576
50748	 0.0000184242
50749	 0.0000182328
50750	 0.0000178649
50751	 0.0000179347
50752	 0.0000178394
50753	 0.0000177265
50754	 0.0000175409
50755	 0.0000177938
50756	 0.0000178536
50757	 0.0000179172
50758	 0.0000177322
50759	 0.0000173278
50760	 0.0000169853
50761	 0.0000167980
50762	 0.0000169378
50763	 0.0000170687
50764	 0.0000168020
50765	 0.0000165523
50766	 0.0000162193
50767	 0.0000160372
50768	 0.0000159138
50769	 0.0000158600
50770	 0.0000158909
50771	 0.0000155201
50772	 0.0000153954
50773	 0.0000151765
50774	 0.0000151292
50775	 0.0000149670
50776	 0.0000149722
50777	 0.0000147739
50778	 0.0000146824
50779	 0.0000147068
50780	 0.0000145281
50781	 0.0000141652
50782	 0.0000140245
50783	 0.0000135698
50784	 0.0000135731
50785	 0.0000140291
50786	 0.0000139114
50787	 0.0000137129
50788	 0.0000136528
50789	 0.0000133358
50790	 0.0000128793
50791	 0.0000125569
50792	 0.0000122615
50793	 0.0000122525
50794	 0.0000122204
50795	 0.0000120186
50796	 0.0000120482
50797	 0.0000119294
50798	 0.0000120771
50799	 0.0000119829
50800	 0.0000116626
50801	 0.0000116958
50802	 0.0000117088
50803	 0.0000115326
50804	 0.0000112496
50805	 0.0000112437
50806	 0.0000110216
50807	 0.0000109932
50808	 0.0000106764
50809	 0.0000105128
50810	 0.0000105413
50811	 0.0000105783
50812	 0.0000102469
50813	 0.0000101510
50814	 0.0000098388
50815	 0.0000096106
50816	 0.0000092197
50817	 0.0000091620
50818	 0.0000092647
50819	 0.0000092417
50820	 0.0000094110
50821	 0.0000092493
50822	 0.0000091433
50823	 0.0000092493
50824	 0.0000090279
50825	 0.0000089817
50826	 0.0000090299
50827	 0.0000090723
50828	 0.0000092444
50829	 0.0000091491
50830	 0.0000090763
50831	 0.0000090353
50832	 0.0000090975
50833	 0.0000089923
50834	 0.0000088626
50835	 0.0000089383
50836	 0.0000089220
50837	 0.0000087507
50838	 0.0000085669
50839	 0.0000084597
50840	 0.0000083837
50841	 0.0000084760
50842	 0.0000084530
50843	 0.0000085452
50844	 0.0000086573
50845	 0.0000085683
50846	 0.0000083538
50847	 0.0000080988
50848	 0.0000080089
50849	 0.0000079093
50850	 0.0000081115
50851	 0.0000079369
50852	 0.0000076805
50853	 0.0000075009
50854	 0.0000076536
50855	 0.0000076304
50856	 0.0000077117
50857	 0.0000079360
50858	 0.0000080326
50859	 0.0000077360
50860	 0.0000077241
50861	 0.0000076538
50862	 0.0000073254
50863	 0.0000073585
50864	 0.0000075166
50865	 0.0000073895
50866	 0.0000070987
50867	 0.0000067721
50868	 0.0000066096
50869	 0.0000065409
50870	 0.0000062221
50871	 0.0000060098
50872	 0.0000057219
50873	 0.0000056512
50874	 0.0000056246
50875	 0.0000054335
50876	 0.0000056015
50877	 0.0000055719
50878	 0.0000054146
50879	 0.0000052498
50880	 0.0000052536
50881	 0.0000052574
50882	 0.0000052091
50883	 0.0000049854
50884	 0.0000049139
50885	 0.0000048675
50886	 0.0000046839
50887	 0.0000046190
50888	 0.0000047973
50889	 0.0000047187
50890	 0.0000046855
50891	 0.0000046230
50892	 0.0000044329
50893	 0.0000041425
50894	 0.0000041276
50895	 0.0000041181
50896	 0.0000042461
50897	 0.0000043152
50898	 0.0000042206
50899	 0.0000042327
50900	 0.0000041822
50901	 0.0000041080
50902	 0.0000041077
50903	 0.0000041884
50904	 0.0000041825
50905	 0.0000039642
50906	 0.0000038587
50907	 0.0000037289
50908	 0.0000035985
50909	 0.0000035774
50910	 0.0000034020
50911	 0.0000033087
50912	 0.0000030764
50913	 0.0000027997
50914	 0.0000027086
50915	 0.0000027594
50916	 0.0000027484
50917	 0.0000026779
50918	 0.0000026593
50919	 0.0000026893
50920	 0.0000027156
50921	 0.0000027997
50922	 0.0000028250
50923	 0.0000028406
50924	 0.0000027122
50925	 0.0000024891
50926	 0.0000023942
50927	 0.0000023544
50928	 0.0000022893
50929	 0.0000023744
50930	 0.0000024573
50931	 0.0000026002
50932	 0.0000025447
50933	 0.0000025381
50934	 0.0000026115
50935	 0.0000026613
50936	 0.0000026857
50937	 0.0000027024
50938	 0.0000027288
50939	 0.0000028117
50940	 0.0000028007
50941	 0.0000027556
50942	 0.0000026984
50943	 0.0000026278
50944	 0.0000026508
50945	 0.0000026322
50946	 0.0000026622
50947	 0.0000025502
50948	 0.0000025372
50949	 0.0000025117
50950	 0.0000024601
50951	 0.0000024302
50952	 0.0000026122
50953	 0.0000026857
50954	 0.0000026738
50955	 0.0000026486
50956	 0.0000025181
50957	 0.0000024112
50958	 0.0000023863
50959	 0.0000021324
50960	 0.0000019557
50961	 0.0000018007
50962	 0.0000017227
50963	 0.0000016060
50964	 0.0000016005
50965	 0.0000014963
50966	 0.0000013472
50967	 0.0000013391
50968	 0.0000014452
50969	 0.0000014365
50970	 0.0000013949
50971	 0.0000013903
50972	 0.0000014563
50973	 0.0000014426
50974	 0.0000015111
50975	 0.0000015950
50976	 0.0000015700
50977	 0.0000014400
50978	 0.0000013760
50979	 0.0000014311
50980	 0.0000014388
50981	 0.0000014380
50982	 0.0000013780
50983	 0.0000014096
50984	 0.0000014046
50985	 0.0000013714
50986	 0.0000013034
50987	 0.0000011840
50988	 0.0000010420
50989	 0.0000010643
50990	 0.0000011383
50991	 0.0000010765
50992	 0.0000011015
50993	 0.0000011377
50994	 0.0000011844
50995	 0.0000011819
50996	 0.0000012645
50997	 0.0000012265
50998	 0.0000011547
50999	 0.0000011368
51000	 0.0000010931
51001	 0.0000011031
51002	 0.0000011642
51003	 0.0000010751
51004	 0.0000009971
51005	 0.0000010077
51006	 0.0000009091
51007	 0.0000008564
51008	 0.0000008798
51009	 0.0000008949
51010	 0.0000009725
51011	 0.0000010118
51012	 0.0000009282
51013	 0.0000008360
51014	 0.0000007845
51015	 0.0000007322
51016	 0.0000008012
51017	 0.0000008761
51018	 0.0000009318
51019	 0.0000008560
51020	 0.0000008529
51021	 0.0000008809
51022	 0.0000008720
51023	 0.0000009137
51024	 0.0000009526
51025	 0.0000008955
51026	 0.0000008582
51027	 0.0000008348
51028	 0.0000007947
51029	 0.0000007962
51030	 0.0000008434
51031	 0.0000008085
51032	 0.0000007888
51033	 0.0000008312
51034	 0.0000008622
51035	 0.0000008807
51036	 0.0000008234
51037	 0.0000007574
51038	 0.0000007868
51039	 0.0000008592
51040	 0.0000008071
51041	 0.0000008040
51042	 0.0000007703
51043	 0.0000007178
51044	 0.0000006999
51045	 0.0000006603
51046	 0.0000006511
51047	 0.0000006306
51048	 0.0000006228
51049	 0.0000006291
51050	 0.0000005861
51051	 0.0000005261
51052	 0.0000005311
51053	 0.0000006043
51054	 0.0000005766
51055	 0.0000005300
51056	 0.0000005268
51057	 0.0000005258
51058	 0.0000005571
51059	 0.0000005194
51060	 0.0000005286
51061	 0.0000005896
51062	 0.0000006207
51063	 0.0000005941
51064	 0.0000005016
51065	 0.0000004447
51066	 0.0000004479
51067	 0.0000004041
51068	 0.0000004293
51069	 0.0000003949
51070	 0.0000003889
51071	 0.0000004276
51072	 0.0000004295
51073	 0.0000004424
51074	 0.0000004358
51075	 0.0000004237
51076	 0.0000003697
51077	 0.0000003737
51078	 0.0000003736
51079	 0.0000003686
51080	 0.0000003952
51081	 0.0000003097
51082	 0.0000002746
51083	 0.0000002195
51084	 0.0000001541
51085	 0.0000001488
51086	 0.0000001594
51087	 0.0000001550
51088	 0.0000001846
51089	 0.0000002402
51090	 0.0000002637
51091	 0.0000002530
51092	 0.0000002641
51093	 0.0000002316
51094	 0.0000002357
51095	 0.0000002689
51096	 0.0000002829
51097	 0.0000002865
51098	 0.0000002757
51099	 0.0000002365
51100	 0.0000002351
51101	 0.0000002299
51102	 0.0000001988
51103	 0.0000001451
51104	 0.0000000991
51105	 0.0000000886
51106	 0.0000000797
51107	 0.0000000818
51108	 0.0000000611
51109	 0.0000000663
51110	 0.0000000644
51111	 0.0000000679
51112	 0.0000000702
51113	 0.0000000667
51114	 0.0000000643
51115	 0.0000000476
51116	 0.0000000440
51117	 0.0000000508
51118	 0.0000000467
51119	 0.0000000505
51120	 0.0000000650
51121	 0.0000000627
51122	 0.0000000657
51123	 0.0000000607
51124	 0.0000000631
51125	 0.0000000689
51126	 0.0000000733
51127	 0.0000000652
51128	 0.0000000584
51129	 0.0000000505
51130	 0.0000000527
51131	 0.0000000399
51132	 0.0000000412
51133	 0.0000000433
51134	 0.0000000578
51135	 0.0000000612
51136	 0.0000000734
51137	 0.0000000942
51138	 0.0000000871
51139	 0.0000000771
51140	 0.0000000828
51141	 0.0000001014
51142	 0.0000001019
51143	 0.0000000898
51144	 0.0000000833
51145	 0.0000000992
51146	 0.0000001175
51147	 0.0000001365
51148	 0.0000001454
51149	 0.0000001474
51150	 0.0000001689
51151	 0.0000001863
51152	 0.0000001638
51153	 0.0000001515
51154	 0.0000001747
51155	 0.0000002048
51156	 0.0000001962
51157	 0.0000001839
51158	 0.0000001580
51159	 0.0000001368
51160	 0.0000001196
51161	 0.0000000868
51162	 0.0000000950
51163	 0.0000001045
51164	 0.0000001016
51165	 0.0000001030
51166	 0.0000001031
51167	 0.0000000974
51168	 0.0000000838
51169	 0.0000000968
51170	 0.0000000876
51171	 0.0000000691
51172	 0.0000000673
51173	 0.0000000951
51174	 0.0000000956
51175	 0.0000000937
51176	 0.0000001107
51177	 0.0000001300
51178	 0.0000001348
51179	 0.0000001585
51180	 0.0000001339
51181	 0.0000001276
51182	 0.0000001219
51183	 0.0000001131
51184	 0.0000001150
51185	 0.0000001039
51186	 0.0000000977
51187	 0.0000000823
51188	 0.0000000738
51189	 0.0000000944
51190	 0.0000000954
51191	 0.0000000934
51192	 0.0000000918
51193	 0.0000000779
51194	 0.0000000614
51195	 0.0000000526
51196	 0.0000000500
51197	 0.0000000500
51198	 0.0000000516
51199	 0.0000000614
51200	 0.0000000366
51201	 0.0000000438
51202	 0.0000000444
51203	 0.0000000217
51204	 0.0000000155
51205	 0.0000000057
51206	 0.0000000046
51207	 0.0000000093
51208	 0.0000000165
51209	 0.0000000103
51210	 0.0000000098
51211	 0.0000000093
51212	 0.0000000124
51213	 0.0000000108
51214	 0.0000000057
51215	 0.0000000036
51216	 0.0000000015
