0.0001009899
0.0001019895
0.0001029989
0.0001040182
0.0001050474
0.0001060867
0.0001071362
0.0001081960
0.0001092661
0.0001103467
0.0001114379
0.0001125397
0.0001136523
0.0001147758
0.0001159103
0.0001170558
0.0001182125
0.0001193805
0.0001205599
0.0001217509
0.0001229534
0.0001241677
0.0001253938
0.0001266318
0.0001278820
0.0001291443
0.0001304188
0.0001317058
0.0001330054
0.0001343176
0.0001356425
0.0001369804
0.0001383312
0.0001396952
0.0001410724
0.0001424631
0.0001438672
0.0001452850
0.0001467165
0.0001481619
0.0001496214
0.0001510950
0.0001525828
0.0001540852
0.0001556020
0.0001571336
0.0001586800
0.0001602413
0.0001618178
0.0001634095
0.0001650167
0.0001666393
0.0001682776
0.0001699318
0.0001716020
0.0001732883
0.0001749908
0.0001767098
0.0001784453
0.0001801976
0.0001819668
0.0001837531
0.0001855565
0.0001873773
0.0001892156
0.0001910716
0.0001929454
0.0001948373
0.0001967473
0.0001986757
0.0002006226
0.0002025881
0.0002045725
0.0002065760
0.0002085986
0.0002106407
0.0002127023
0.0002147836
0.0002168848
0.0002190062
0.0002211478
0.0002233099
0.0002254926
0.0002276962
0.0002299208
0.0002321666
0.0002344338
0.0002367226
0.0002390332
0.0002413659
0.0002437207
0.0002460979
0.0002484977
0.0002509203
0.0002533659
0.0002558347
0.0002583270
0.0002608428
0.0002633826
0.0002659463
0.0002685343
0.0002711469
0.0002737841
0.0002764462
0.0002791335
0.0002818461
0.0002845843
0.0002873483
0.0002901384
0.0002929548
0.0002957976
0.0002986672
0.0003015638
0.0003044875
0.0003074388
0.0003104177
0.0003134246
0.0003164596
0.0003195231
0.0003226152
0.0003257362
0.0003288864
0.0003320660
0.0003352753
0.0003385145
0.0003417839
0.0003450838
0.0003484144
0.0003517759
0.0003551687
0.0003585929
0.0003620490
0.0003655371
0.0003690575
0.0003726105
0.0003761963
0.0003798153
0.0003834678
0.0003871539
0.0003908741
0.0003946285
0.0003984175
0.0004022414
0.0004061004
0.0004099948
0.0004139250
0.0004178911
0.0004218937
0.0004259328
0.0004300089
0.0004341222
0.0004382731
0.0004424618
0.0004466887
0.0004509541
0.0004552582
0.0004596014
0.0004639841
0.0004684065
0.0004728689
0.0004773718
0.0004819154
0.0004865000
0.0004911259
0.0004957936
0.0005005033
0.0005052553
0.0005100500
0.0005148877
0.0005197689
0.0005246937
0.0005296626
0.0005346758
0.0005397339
0.0005448370
0.0005499855
0.0005551799
0.0005604204
0.0005657074
0.0005710413
0.0005764223
0.0005818510
0.0005873275
0.0005928524
0.0005984259
0.0006040485
0.0006097205
0.0006154422
0.0006212141
0.0006270365
0.0006329098
0.0006388343
0.0006448105
0.0006508387
0.0006569192
0.0006630525
0.0006692390
0.0006754790
0.0006817729
0.0006881212
0.0006945242
0.0007009822
0.0007074957
0.0007140651
0.0007206908
0.0007273731
0.0007341125
0.0007409093
0.0007477640
0.0007546769
0.0007616484
0.0007686790
0.0007757690
0.0007829189
0.0007901290
0.0007973997
0.0008047314
0.0008121247
0.0008195798
0.0008270972
0.0008346773
0.0008423203
0.0008500269
0.0008577974
0.0008656322
0.0008735317
0.0008814963
0.0008895264
0.0008976225
0.0009057849
0.0009140141
0.0009223104
0.0009306744
0.0009391063
0.0009476066
0.0009561757
0.0009648140
0.0009735220
0.0009823000
0.0009911485
0.0010000678
0.0010090583
0.0010181204
0.0010272547
0.0010364614
0.0010457410
0.0010550938
0.0010645204
0.0010740211
0.0010835963
0.0010932463
0.0011029716
0.0011127725
0.0011226495
0.0011326030
0.0011426335
0.0011527411
0.0011629264
0.0011731898
0.0011835316
0.0011939522
0.0012044520
0.0012150314
0.0012256906
0.0012364301
0.0012472504
0.0012581517
0.0012691345
0.0012801990
0.0012913457
0.0013025750
0.0013138870
0.0013252823
0.0013367612
0.0013483240
0.0013599711
0.0013717029
0.0013835195
0.0013954213
0.0014074090
0.0014194824
0.0014316421
0.0014438884
0.0014562217
0.0014686420
0.0014811499
0.0014937457
0.0015064296
0.0015192018
0.0015320627
0.0015450126
0.0015580517
0.0015711803
0.0015843988
0.0015977074
0.0016111063
0.0016245957
0.0016381760
0.0016518473
0.0016656098
0.0016794639
0.0016934098
0.0017074476
0.0017215775
0.0017357998
0.0017501147
0.0017645224
0.0017790229
0.0017936166
0.0018083034
0.0018230838
0.0018379579
0.0018529255
0.0018679871
0.0018831426
0.0018983923
0.0019137363
0.0019291748
0.0019447076
0.0019603348
0.0019760570
0.0019918736
0.0020077850
0.0020237914
0.0020398926
0.0020560888
0.0020723799
0.0020887661
0.0021052472
0.0021218234
0.0021384945
0.0021552606
0.0021721218
0.0021890777
0.0022061283
0.0022232737
0.0022405141
0.0022578491
0.0022752788
0.0022928028
0.0023104213
0.0023281341
0.0023459410
0.0023638420
0.0023818368
0.0023999251
0.0024181071
0.0024363825
0.0024547509
0.0024732123
0.0024917666
0.0025104131
0.0025291520
0.0025479828
0.0025669055
0.0025859196
0.0026050247
0.0026242209
0.0026435077
0.0026628848
0.0026823517
0.0027019083
0.0027215541
0.0027412889
0.0027611118
0.0027810230
0.0028010218
0.0028211079
0.0028412808
0.0028615398
0.0028818848
0.0029023152
0.0029228306
0.0029434306
0.0029641143
0.0029848816
0.0030057319
0.0030266643
0.0030476786
0.0030687742
0.0030899507
0.0031112067
0.0031325424
0.0031539570
0.0031754496
0.0031970197
0.0032186669
0.0032403902
0.0032621890
0.0032840627
0.0033060105
0.0033280316
0.0033501254
0.0033722911
0.0033945278
0.0034168351
0.0034392120
0.0034616578
0.0034841713
0.0035067522
0.0035293994
0.0035521120
0.0035748894
0.0035977305
0.0036206346
0.0036436007
0.0036666282
0.0036897156
0.0037128627
0.0037360680
0.0037593308
0.0037826502
0.0038060250
0.0038294543
0.0038529374
0.0038764731
0.0039000604
0.0039236983
0.0039473861
0.0039711222
0.0039949059
0.0040187361
0.0040426119
0.0040665315
0.0040904949
0.0041145007
0.0041385470
0.0041626338
0.0041867597
0.0042109233
0.0042351233
0.0042593586
0.0042836289
0.0043079322
0.0043322677
0.0043566343
0.0043810308
0.0044054557
0.0044299080
0.0044543864
0.0044788904
0.0045034182
0.0045279688
0.0045525408
0.0045771333
0.0046017449
0.0046263747
0.0046510212
0.0046756831
0.0047003590
0.0047250479
0.0047497493
0.0047744610
0.0047991825
0.0048239119
0.0048486483
0.0048733903
0.0048981365
0.0049228864
0.0049476381
0.0049723908
0.0049971426
0.0050218930
0.0050466401
0.0050713830
0.0050961208
0.0051208516
0.0051455745
0.0051702885
0.0051949923
0.0052196844
0.0052443636
0.0052690287
0.0052936785
0.0053183120
0.0053429282
0.0053675249
0.0053921021
0.0054166573
0.0054411907
0.0054657003
0.0054901848
0.0055146432
0.0055390741
0.0055634771
0.0055878502
0.0056121922
0.0056365025
0.0056607798
0.0056850226
0.0057092300
0.0057334010
0.0057575344
0.0057816291
0.0058056833
0.0058296970
0.0058536688
0.0058775973
0.0059014815
0.0059253206
0.0059491131
0.0059728581
0.0059965546
0.0060202023
0.0060437992
0.0060673440
0.0060908366
0.0061142761
0.0061376602
0.0061609889
0.0061842613
0.0062074764
0.0062306328
0.0062537300
0.0062767672
0.0062997430
0.0063226568
0.0063455072
0.0063682944
0.0063910168
0.0064136735
0.0064362632
0.0064587859
0.0064812405
0.0065036262
0.0065259421
0.0065481877
0.0065703620
0.0065924642
0.0066144937
0.0066364496
0.0066583315
0.0066801379
0.0067018690
0.0067235231
0.0067451005
0.0067666001
0.0067880210
0.0068093631
0.0068306257
0.0068518077
0.0068729091
0.0068939286
0.0069148662
0.0069357213
0.0069564930
0.0069771810
0.0069977851
0.0070183044
0.0070387381
0.0070590866
0.0070793484
0.0070995237
0.0071196118
0.0071396120
0.0071595241
0.0071793478
0.0071990830
0.0072187283
0.0072382847
0.0072577512
0.0072771269
0.0072964118
0.0073156059
0.0073347082
0.0073537193
0.0073726387
0.0073914658
0.0074102003
0.0074288421
0.0074473908
0.0074658464
0.0074842088
0.0075024772
0.0075206514
0.0075387321
0.0075567188
0.0075746109
0.0075924080
0.0076101115
0.0076277200
0.0076452331
0.0076626511
0.0076799742
0.0076972018
0.0077143344
0.0077313716
0.0077483132
0.0077651599
0.0077819112
0.0077985665
0.0078151263
0.0078315903
0.0078479592
0.0078642322
0.0078804092
0.0078964913
0.0079124784
0.0079283705
0.0079441667
0.0079598678
0.0079754731
0.0079909833
0.0080063986
0.0080217188
0.0080369441
0.0080520753
0.0080671115
0.0080820536
0.0080969008
0.0081116548
0.0081263138
0.0081408797
0.0081553515
0.0081697302
0.0081840158
0.0081982082
0.0082123084
0.0082263146
0.0082402285
0.0082540503
0.0082677798
0.0082814181
0.0082949642
0.0083084190
0.0083217835
0.0083350567
0.0083482396
0.0083613312
0.0083743334
0.0083872462
0.0084000686
0.0084128026
0.0084254481
0.0084380042
0.0084504718
0.0084628519
0.0084751444
0.0084873494
0.0084994668
0.0085114976
0.0085234419
0.0085353004
0.0085470732
0.0085587604
0.0085703628
0.0085818805
0.0085933143
0.0086046644
0.0086159306
0.0086271139
0.0086382134
0.0086492309
0.0086601656
0.0086710192
0.0086817900
0.0086924806
0.0087030903
0.0087136198
0.0087240702
0.0087344404
0.0087447306
0.0087549435
0.0087650763
0.0087751318
0.0087851100
0.0087950109
0.0088048354
0.0088145826
0.0088242544
0.0088338517
0.0088433735
0.0088528199
0.0088621918
0.0088714901
0.0088807149
0.0088898661
0.0088989446
0.0089079505
0.0089168847
0.0089257471
0.0089345388
0.0089432597
0.0089519098
0.0089604901
0.0089690015
0.0089774439
0.0089858174
0.0089941230
0.0090023614
0.0090105319
0.0090186354
0.0090266727
0.0090346439
0.0090425499
0.0090503907
0.0090581663
0.0090658767
0.0090735238
0.0090811066
0.0090886271
0.0090960842
0.0091034789
0.0091108121
0.0091180839
0.0091252942
0.0091324430
0.0091395322
0.0091465609
0.0091535300
0.0091604395
0.0091672903
0.0091740834
0.0091808187
0.0091874963
0.0091941170
0.0092006810
0.0092071882
0.0092136394
0.0092200357
0.0092263762
0.0092326626
0.0092388950
0.0092450734
0.0092511978
0.0092572691
0.0092632873
0.0092692543
0.0092751691
0.0092810309
0.0092868423
0.0092926035
0.0092983134
0.0093039731
0.0093095833
0.0093151443
0.0093206568
0.0093261199
0.0093315346
0.0093369009
0.0093422206
0.0093474928
0.0093527185
0.0093578976
0.0093630310
0.0093681179
0.0093731591
0.0093781557
0.0093831075
0.0093880156
0.0093928790
0.0093976995
0.0094024763
0.0094072102
0.0094119012
0.0094165495
0.0094211567
0.0094257221
0.0094302464
0.0094347298
0.0094391732
0.0094435755
0.0094479388
0.0094522620
0.0094565460
0.0094607910
0.0094649969
0.0094691655
0.0094732950
0.0094773872
0.0094814422
0.0094854599
0.0094894404
0.0094933845
0.0094972923
0.0095011648
0.0095050018
0.0095088035
0.0095125698
0.0095163016
0.0095199989
0.0095236618
0.0095272902
0.0095308861
0.0095344484
0.0095379772
0.0095414734
0.0095449388
0.0095483707
0.0095517719
0.0095551405
0.0095584774
0.0095617836
0.0095650600
0.0095683057
0.0095715206
0.0095747057
0.0095778611
0.0095809866
0.0095840832
0.0095871510
0.0095901899
0.0095931999
0.0095961820
0.0095991362
0.0096020624
0.0096049607
0.0096078319
0.0096106762
0.0096134944
0.0096162856
0.0096190507
0.0096217897
0.0096245026
0.0096271904
0.0096298531
0.0096324906
0.0096351029
0.0096376901
0.0096402531
0.0096427910
0.0096453065
0.0096477978
0.0096502649
0.0096527087
0.0096551292
0.0096575264
0.0096599013
0.0096622529
0.0096645830
0.0096668908
0.0096691754
0.0096714394
0.0096736811
0.0096759023
0.0096781021
0.0096802805
0.0096824383
0.0096845757
0.0096866926
0.0096887890
0.0096908649
0.0096929213
0.0096949581
0.0096969763
0.0096989740
0.0097009530
0.0097029125
0.0097048534
0.0097067757
0.0097086802
0.0097105652
0.0097124325
0.0097142812
0.0097161122
0.0097179264
0.0097197229
0.0097215027
0.0097232647
0.0097250100
0.0097267376
0.0097284494
0.0097301444
0.0097318236
0.0097334869
0.0097351326
0.0097367633
0.0097383782
0.0097399773
0.0097415606
0.0097431289
0.0097446823
0.0097462209
0.0097477445
0.0097492533
0.0097507481
0.0097522279
0.0097536938
0.0097551439
0.0097565809
0.0097580040
0.0097594131
0.0097608082
0.0097621903
0.0097635593
0.0097649144
0.0097662564
0.0097675845
0.0097689005
0.0097702043
0.0097714951
0.0097727738
0.0097740386
0.0097752921
0.0097765326
0.0097777620
0.0097789792
0.0097801844
0.0097813783
0.0097825602
0.0097837299
0.0097848885
0.0097860359
0.0097871721
0.0097882971
0.0097894110
0.0097905146
0.0097916070
0.0097926883
0.0097937593
0.0097948201
0.0097958706
0.0097969109
0.0097979400
0.0097989589
0.0097999685
0.0098009678
0.0098019578
0.0098029384
0.0098039089
0.0098048709
0.0098058227
0.0098067652
0.0098076984
0.0098086223
0.0098095369
0.0098104430
0.0098113399
0.0098122275
0.0098131066
0.0098139774
0.0098148398
0.0098156938
0.0098165395
0.0098173767
0.0098182056
0.0098190261
0.0098198391
0.0098206438
0.0098214401
0.0098222299
0.0098230103
0.0098237842
0.0098245498
0.0098253079
0.0098260585
0.0098268017
0.0098275375
0.0098282658
0.0098289875
0.0098297028
0.0098304106
0.0098311109
0.0098318048
0.0098324921
0.0098331720
0.0098338453
0.0098345121
0.0098351724
0.0098358262
0.0098364735
0.0098371143
0.0098377485
0.0098383771
0.0098389992
0.0098396149
0.0098402249
0.0098408293
0.0098414272
0.0098420186
0.0098426044
0.0098431846
0.0098437592
0.0098443273
0.0098448917
0.0098454496
0.0098460019
0.0098465495
0.0098470906
0.0098476261
0.0098481569
0.0098486822
0.0098492028
0.0098497178
0.0098502273
0.0098507330
0.0098512322
0.0098517276
0.0098522175
0.0098527027
0.0098531824
0.0098536583
0.0098541295
0.0098545961
0.0098550580
0.0098555153
0.0098559679
0.0098564159
0.0098568592
0.0098572979
0.0098577328
0.0098581631
0.0098585887
0.0098590106
0.0098594278
0.0098598413
0.0098602511
0.0098606572
0.0098610595
0.0098614572
0.0098618502
0.0098622404
0.0098626260
0.0098630078
0.0098633859
0.0098637603
0.0098641310
0.0098644979
0.0098648611
0.0098652206
0.0098655773
0.0098659303
0.0098662795
0.0098666251
0.0098669678
0.0098673068
0.0098676421
0.0098679746
0.0098683033
0.0098686283
0.0098689506
0.0098692700
0.0098695857
0.0098698987
0.0098702088
0.0098705152
0.0098708188
0.0098711196
0.0098714167
0.0098717110
0.0098720035
0.0098722922
0.0098725781
0.0098728612
0.0098731415
0.0098734191
0.0098736938
0.0098739658
0.0098742349
0.0098745022
0.0098747667
0.0098750275
0.0098752864
0.0098755425
0.0098757967
0.0098760482
0.0098762969
0.0098765427
0.0098767858
0.0098770270
0.0098772664
0.0098775029
0.0098777376
0.0098779695
0.0098781995
0.0098784268
0.0098786522
0.0098788748
0.0098790955
0.0098793134
0.0098795295
0.0098797437
0.0098799551
0.0098801646
0.0098803714
0.0098805772
0.0098807812
0.0098809823
0.0098811816
0.0098813791
0.0098815747
0.0098817684
0.0098819602
0.0098821502
0.0098823383
0.0098825246
0.0098827090
0.0098828916
0.0098830722
0.0098832520
0.0098834299
0.0098836049
0.0098837782
0.0098839495
0.0098841200
0.0098842885
0.0098844552
0.0098846192
0.0098847821
0.0098849442
0.0098851044
0.0098852627
0.0098854201
0.0098855756
0.0098857293
0.0098858811
0.0098860320
0.0098861810
0.0098863281
0.0098864753
0.0098866196
0.0098867631
0.0098869046
0.0098870452
0.0098871840
0.0098873219
0.0098874578
0.0098875929
0.0098877270
0.0098878592
0.0098879905
0.0098881200
0.0098882485
0.0098883761
0.0098885028
0.0098886276
0.0098887505
0.0098888725
0.0098889936
0.0098891128
0.0098892311
0.0098893484
0.0098894648
0.0098895794
0.0098896930
0.0098898057
0.0098899174
0.0098900283
0.0098901372
0.0098902453
0.0098903524
0.0098904585
0.0098905638
0.0098906681
0.0098907705
0.0098908721
0.0098909726
0.0098910723
0.0098911710
0.0098912697
0.0098913675
0.0098914634
0.0098915594
0.0098916534
0.0098917475
0.0098918397
0.0098919310
0.0098920213
0.0098921107
0.0098922001
0.0098922877
0.0098923752
0.0098924609
0.0098925456
0.0098926295
0.0098927123
0.0098927952
0.0098928772
0.0098929582
0.0098930392
0.0098931184
0.0098931966
0.0098932739
0.0098933503
0.0098934267
0.0098935021
0.0098935775
0.0098936511
0.0098937238
0.0098937964
0.0098938690
0.0098939408
0.0098940106
0.0098940805
0.0098941494
0.0098942183
0.0098942863
0.0098943533
0.0098944195
0.0098944847
0.0098945498
0.0098946141
0.0098946784
0.0098947417
0.0098948041
0.0098948665
0.0098949280
0.0098949885
0.0098950490
0.0098951086
0.0098951673
0.0098952251
0.0098952828
0.0098953405
0.0098953964
0.0098954523
0.0098955082
0.0098955631
0.0098956171
0.0098956702
0.0098957233
0.0098957755
0.0098958276
0.0098958798
0.0098959310
0.0098959822
0.0098960316
0.0098960809
0.0098961294
0.0098961778
0.0098962253
0.0098962728
0.0098963194
0.0098963659
0.0098964125
0.0098964581
0.0098965028
0.0098965475
0.0098965913
0.0098966360
0.0098966789
0.0098967217
0.0098967645
0.0098968074
0.0098968493
0.0098968912
0.0098969322
0.0098969722
0.0098970123
0.0098970523
0.0098970914
0.0098971296
0.0098971687
0.0098972069
0.0098972442
0.0098972814
0.0098973177
0.0098973550
0.0098973913
0.0098974267
0.0098974630
0.0098974984
0.0098975329
0.0098975673
0.0098976009
0.0098976353
0.0098976688
0.0098977014
0.0098977340
0.0098977666
0.0098977983
0.0098978300
0.0098978616
0.0098978924
0.0098979231
0.0098979538
0.0098979836
0.0098980134
0.0098980432
0.0098980721
0.0098981019
0.0098981308
0.0098981587
0.0098981867
0.0098982146
0.0098982425
0.0098982695
0.0098982975
0.0098983245
0.0098983506
0.0098983767
0.0098984027
0.0098984279
0.0098984530
0.0098984791
0.0098985042
0.0098985294
0.0098985545
0.0098985787
0.0098986020
0.0098986253
0.0098986495
0.0098986728
0.0098986961
0.0098987184
0.0098987417
0.0098987641
0.0098987864
0.0098988079
0.0098988302
0.0098988516
0.0098988730
0.0098988935
0.0098989140
0.0098989354
0.0098989559
0.0098989764
0.0098989960
0.0098990155
0.0098990351
0.0098990547
0.0098990733
0.0098990919
0.0098991115
0.0098991301
0.0098991487
0.0098991673
0.0098991850
0.0098992037
0.0098992214
0.0098992391
0.0098992558
0.0098992726
0.0098992903
0.0098993070
0.0098993238
0.0098993406
0.0098993573
0.0098993732
0.0098993899
0.0098994058
0.0098994216
0.0098994365
0.0098994514
0.0098994663
0.0098994821
0.0098994970
0.0098995119
0.0098995268
0.0098995417
0.0098995557
0.0098995706
0.0098995855
0.0098995995
0.0098996134
0.0098996265
0.0098996395
0.0098996526
0.0098996656
0.0098996786
0.0098996917
0.0098997047
0.0098997178
0.0098997299
0.0098997420
0.0098997550
0.0098997680
0.0098997802
0.0098997923
0.0098998044
0.0098998155
0.0098998267
0.0098998379
0.0098998491
0.0098998602
0.0098998714
0.0098998826
0.0098998938
0.0098999040
0.0098999143
0.0098999245
0.0098999357
0.0098999469
0.0098999571
0.0098999674
0.0098999776
0.0098999878
0.0098999981
0.0099000074
0.0099000167
0.0099000270
0.0099000372
0.0099000465
0.0099000558
0.0099000651
0.0099000735
0.0099000819
0.0099000903
0.0099000987
0.0099001070
0.0099001154
0.0099001247
0.0099001331
0.0099001415
0.0099001499
0.0099001583
0.0099001667
0.0099001750
0.0099001834
0.0099001909
0.0099001983
0.0099002058
0.0099002142
0.0099002225
0.0099002309
0.0099002384
0.0099002458
0.0099002533
0.0099002607
0.0099002672
0.0099002738
0.0099002803
0.0099002868
0.0099002933
0.0099002998
0.0099003073
0.0099003138
0.0099003203
0.0099003268
0.0099003334
0.0099003399
0.0099003464
0.0099003529
0.0099003594
0.0099003660
0.0099003715
0.0099003771
0.0099003827
0.0099003883
0.0099003948
0.0099004013
0.0099004079
0.0099004144
0.0099004209
0.0099004265
0.0099004321
0.0099004377
0.0099004433
0.0099004488
0.0099004544
0.0099004591
0.0099004637
0.0099004684
0.0099004731
0.0099004777
0.0099004824
0.0099004880
0.0099004926
0.0099004973
0.0099005019
0.0099005066
0.0099005112
0.0099005159
0.0099005206
0.0099005252
0.0099005299
0.0099005345
0.0099005392
0.0099005438
0.0099005476
0.0099005513
0.0099005550
0.0099005587
0.0099005625
0.0099005662
0.0099005699
0.0099005736
0.0099005774
0.0099005820
0.0099005867
0.0099005913
0.0099005960
0.0099006006
0.0099006044
0.0099006081
0.0099006118
0.0099006156
0.0099006193
0.0099006230
0.0099006267
0.0099006305
0.0099006342
0.0099006379
0.0099006416
0.0099006454
0.0099006491
0.0099006519
0.0099006547
0.0099006575
0.0099006603
0.0099006630
0.0099006658
0.0099006686
0.0099006724
0.0099006761
0.0099006798
0.0099006826
0.0099006854
0.0099006882
0.0099006910
