0.5000000000	0.0000000000
0.5000000000	0.2249999940
0.2249999940	0.2249999940
0.2249999940	0.1569374800
0.1569374800	0.1569374800
0.1569374800	0.1190772951
0.1190772951	0.1190772951
0.1190772951	0.0944080949
0.0944080949	0.0944080949
0.0944080949	0.0769456849
0.0769456849	0.0769456849
0.0769456849	0.0639225394
0.0639225394	0.0639225394
0.0639225394	0.0538528040
0.0538528040	0.0538528040
0.0538528040	0.0458574109
0.0458574109	0.0458574109
0.0458574109	0.0393790565
0.0393790565	0.0393790565
0.0393790565	0.0340455100
0.0340455100	0.0340455100
0.0340455100	0.0295977704
0.0295977704	0.0295977704
0.0295977704	0.0258495677
0.0258495677	0.0258495677
0.0258495677	0.0226632301
0.0226632301	0.0226632301
0.0226632301	0.0199346468
0.0199346468	0.0199346468
0.0199346468	0.0175835304
0.0175835304	0.0175835304
0.0175835304	0.0155469142
0.0155469142	0.0155469142
0.0155469142	0.0137746865
0.0137746865	0.0137746865
0.0137746865	0.0122264493
0.0122264493	0.0122264493
0.0122264493	0.0108692665
0.0108692665	0.0108692665
0.0108692665	0.0096760122
0.0096760122	0.0096760122
0.0096760122	0.0086241476
0.0086241476	0.0086241476
0.0086241476	0.0076947943
0.0076947943	0.0076947943
0.0076947943	0.0068720258
0.0068720258	0.0068720258
0.0068720258	0.0061423206
0.0061423206	0.0061423206
0.0061423206	0.0054941331
0.0054941331	0.0054941331
0.0054941331	0.0049175532
0.0049175532	0.0049175532
0.0049175532	0.0044040335
0.0044040335	0.0044040335
0.0044040335	0.0039461744
0.0039461744	0.0039461744
0.0039461744	0.0035375420
0.0035375420	0.0035375420
0.0035375420	0.0031725250
0.0031725250	0.0031725250
0.0031725250	0.0028462140
0.0028462140	0.0028462140
0.0028462140	0.0025543016
0.0025543016	0.0025543016
0.0025543016	0.0022929995
0.0022929995	0.0022929995
0.0022929995	0.0020589675
0.0020589675	0.0020589675
0.0020589675	0.0018492553
0.0018492553	0.0018492553
0.0018492553	0.0016612519
0.0016612519	0.0016612519
0.0016612519	0.0014926429
0.0014926429	0.0014926429
0.0014926429	0.0013413734
0.0013413734	0.0013413734
0.0013413734	0.0012056167
0.0012056167	0.0012056167
0.0012056167	0.0010837469
0.0010837469	0.0010837469
0.0010837469	0.0009743152
0.0009743152	0.0009743152
0.0009743152	0.0008760293
0.0008760293	0.0008760293
0.0008760293	0.0007877356
0.0007877356	0.0007877356
0.0007877356	0.0007084035
0.0007084035	0.0007084035
0.0007084035	0.0006371115
0.0006371115	0.0006371115
0.0006371115	0.0005730350
0.0005730350	0.0005730350
0.0005730350	0.0005154360
0.0005154360	0.0005154360
0.0005154360	0.0004636533
0.0004636533	0.0004636533
0.0004636533	0.0004170944
0.0004170944	0.0004170944
0.0004170944	0.0003752284
0.0003752284	0.0003752284
0.0003752284	0.0003375789
0.0003375789	0.0003375789
0.0003375789	0.0003037184
0.0003037184	0.0003037184
0.0003037184	0.0002732635
0.0002732635	0.0002732635
0.0002732635	0.0002458699
0.0002458699	0.0002458699
0.0002458699	0.0002212285
0.0002212285	0.0002212285
0.0002212285	0.0001990616
0.0001990616	0.0001990616
0.0001990616	0.0001791198
0.0001791198	0.0001791198
0.0001791198	0.0001611789
0.0001611789	0.0001611789
0.0001611789	0.0001450377
0.0001450377	0.0001450377
0.0001450377	0.0001305150
0.0001305150	0.0001305150
0.0001305150	0.0001174481
0.0001174481	0.0001174481
0.0001174481	0.0001056909
0.0001056909	0.0001056909
0.0001056909	0.0000951118
0.0000951118	0.0000951118
0.0000951118	0.0000855924
0.0000855924	0.0000855924
0.0000855924	0.0000770266
0.0000770266	0.0000770266
0.0000770266	0.0000693186
0.0000693186	0.0000693186
0.0000693186	0.0000623824
0.0000623824	0.0000623824
0.0000623824	0.0000561407
0.0000561407	0.0000561407
0.0000561407	0.0000505238
0.0000505238	0.0000505238
0.0000505238	0.0000454691
0.0000454691	0.0000454691
0.0000454691	0.0000409203
0.0000409203	0.0000409203
0.0000409203	0.0000368268
0.0000368268	0.0000368268
0.0000368268	0.0000331429
0.0000331429	0.0000331429
0.0000331429	0.0000298276
0.0000298276	0.0000298276
0.0000298276	0.0000268440
0.0000268440	0.0000268440
0.0000268440	0.0000241590
0.0000241590	0.0000241590
0.0000241590	0.0000217426
0.0000217426	0.0000217426
0.0000217426	0.0000195679
0.0000195679	0.0000195679
0.0000195679	0.0000176107
0.0000176107	0.0000176107
0.0000176107	0.0000158494
0.0000158494	0.0000158494
0.0000158494	0.0000142642
0.0000142642	0.0000142642
0.0000142642	0.0000128376
0.0000128376	0.0000128376
0.0000128376	0.0000115537
0.0000115537	0.0000115537
0.0000115537	0.0000103982
0.0000103982	0.0000103982
0.0000103982	0.0000093583
0.0000093583	0.0000093583
0.0000093583	0.0000084224
0.0000084224	0.0000084224
0.0000084224	0.0000075801
0.0000075801	0.0000075801
0.0000075801	0.0000068220
0.0000068220	0.0000068220
0.0000068220	0.0000061398
0.0000061398	0.0000061398
0.0000061398	0.0000055258
0.0000055258	0.0000055258
0.0000055258	0.0000049732
0.0000049732	0.0000049732
0.0000049732	0.0000044758
0.0000044758	0.0000044758
0.0000044758	0.0000040282
0.0000040282	0.0000040282
0.0000040282	0.0000036254
0.0000036254	0.0000036254
0.0000036254	0.0000032628
0.0000032628	0.0000032628
0.0000032628	0.0000029365
0.0000029365	0.0000029365
0.0000029365	0.0000026429
0.0000026429	0.0000026429
0.0000026429	0.0000023786
0.0000023786	0.0000023786
0.0000023786	0.0000021407
0.0000021407	0.0000021407
0.0000021407	0.0000019266
0.0000019266	0.0000019266
