0.100	 1.0000000000	 0.0001007813	 0.0000000000	 0.0267177343
0.150	 1.0000000000	 0.0001007813	 0.0000000000	 0.0116314930
0.200	 1.0000000000	 0.0001007813	 0.0000000000	 0.0065231836
0.250	 1.0000000000	 0.0001007813	 0.0000000000	 0.0042373375
0.300	 0.1875000000	 0.0000949219	 3.2161458333	 0.0026821916
0.350	 1.0000000000	 0.0001007813	 0.0000000000	 0.0022256824
0.400	 1.0000000000	 0.0001007813	 0.0000000000	 0.0016112646
0.450	 0.8136328125	 0.0001683594	 0.7510896471	 0.0019828847
0.500	 1.0000000000	 0.0001027344	 0.0000000000	 0.0010874578
0.550	 1.0000000000	 0.0001066406	 0.0000000000	 0.0009658715
0.600	 1.0000000000	 0.0005886719	 0.0000000000	 0.0035016416
0.650	 1.0000000000	 0.0001437500	 0.0000000000	 0.0009910754
0.700	 0.9999804688	 0.0001945312	 0.0000557491	 0.0012499228
0.750	 0.9998632813	 0.0003281250	 0.0003641256	 0.0019886975
0.800	 0.9999414063	 0.0005042969	 0.0001463413	 0.0028426202
0.850	 0.9998437500	 0.0008035156	 0.0003671983	 0.0041719005
0.900	 0.9997460938	 0.0012468750	 0.0005636003	 0.0058159819
0.950	 0.9994726563	 0.0019972656	 0.0011089526	 0.0085127199
1.000	 0.9994726563	 0.0029464844	 0.0010531235	 0.0113139745
1.050	 0.9990039063	 0.0043058594	 0.0018946693	 0.0149435007
1.100	 0.9984960938	 0.0060109375	 0.0027298320	 0.0190888119
1.150	 0.9972265625	 0.0082281250	 0.0048097693	 0.0237850552
1.200	 0.9964648438	 0.0110445312	 0.0058759371	 0.0292127080
1.250	 0.9965429688	 0.0145363281	 0.0055167542	 0.0353257649
1.300	 0.9944335938	 0.0188960937	 0.0085239997	 0.0420709875
1.350	 0.9927734375	 0.0238240234	 0.0106573599	 0.0488665948
1.400	 0.9924609375	 0.0294945313	 0.0107104165	 0.0558085511
1.450	 0.9893359375	 0.0377257812	 0.0146097117	 0.0649673974
1.500	 0.9870312500	 0.0443832031	 0.0171517436	 0.0719672111
1.550	 0.9831054687	 0.0529748047	 0.0215806284	 0.0795718645
1.600	 0.9799023438	 0.0629279297	 0.0248361349	 0.0877330923
1.650	 0.9750390625	 0.0741345703	 0.0298417987	 0.0959167539
1.700	 0.9682812500	 0.0867517578	 0.0366621130	 0.1043702394
1.750	 0.9649023437	 0.0996363281	 0.0393417576	 0.1117599313
1.800	 0.9553320313	 0.1135468750	 0.0484248055	 0.1185814760
1.850	 0.9463476563	 0.1299939453	 0.0562984776	 0.1265340839
1.900	 0.9382031250	 0.1465914063	 0.0629074097	 0.1328088271
1.950	 0.9202148437	 0.1647777344	 0.0782032698	 0.1393969473
2.000	 0.9236914062	 0.1836099609	 0.0731991386	 0.1447549510
2.050	 0.8977929688	 0.2038583984	 0.0942748465	 0.1496464055
2.100	 0.8741015625	 0.2253365234	 0.1118699937	 0.1533316535
2.150	 0.8131835937	 0.2475097656	 0.1569606870	 0.1567553090
2.200	 0.7932812500	 0.2702421875	 0.1670480208	 0.1579434925
2.250	 0.7553906250	 0.2947371094	 0.1895797390	 0.1587550072
2.300	 0.5476171875	 0.3169349609	 0.3021035236	 0.1573562079
2.350	 0.7554101562	 0.3394556641	 0.1820285067	 0.1560754174
2.400	 0.0189843750	 0.3600271484	 0.4122194926	 0.1537035426
2.450	 0.2327148438	 0.3781113281	 0.3742833819	 0.1508021051
2.500	 0.1608593750	 0.3960708984	 0.3861885986	 0.1484593924
2.550	 0.0068945313	 0.4137091797	 0.3893580268	 0.1462142847
2.600	 0.0401367187	 0.4296980469	 0.3773617231	 0.1440987048
2.650	 0.0078125000	 0.4443898438	 0.3712740340	 0.1413698840
2.700	 0.0059960937	 0.4601191406	 0.3669073458	 0.1393981141
2.750	 0.0747851563	 0.4741978516	 0.3563742759	 0.1367931910
2.800	 0.1147851563	 0.4874210937	 0.3509014266	 0.1343245244
2.850	 0.0793359375	 0.5010837891	 0.3464065819	 0.1317195432
2.900	 0.0336718750	 0.5144371094	 0.3408198126	 0.1293547218
2.950	 0.0297851563	 0.5265968750	 0.3370330940	 0.1269210119
3.000	 0.0766992187	 0.5395574219	 0.3263705317	 0.1246520459
3.050	 0.0307226562	 0.5509292969	 0.3258670119	 0.1219922773
3.100	 0.0351171875	 0.5633248047	 0.3206006942	 0.1198865042
3.150	 0.0401953125	 0.5741318359	 0.3147247314	 0.1175129498
3.200	 0.0053710937	 0.5851531250	 0.3109287620	 0.1151189919
3.250	 0.0930468750	 0.5957570313	 0.3035883038	 0.1128526003
3.300	 0.0394335937	 0.6059878906	 0.3010649363	 0.1105532388
3.350	 0.0144531250	 0.6164183594	 0.2970657804	 0.1083846180
3.400	 0.0255859375	 0.6271128906	 0.2931558946	 0.1064188649
3.450	 0.0559765625	 0.6362988281	 0.2872798090	 0.1042319409
3.500	 0.0231445312	 0.6459107422	 0.2842724064	 0.1021026544
3.550	 0.0331445312	 0.6547761719	 0.2806199732	 0.1000239443
3.600	 0.0080273438	 0.6645636719	 0.2766055107	 0.0982274523
3.650	 0.0388281250	 0.6734593750	 0.2713388312	 0.0962640248
3.700	 0.0212109375	 0.6819658203	 0.2674256402	 0.0945079354
3.750	 0.0101562500	 0.6903947266	 0.2652857869	 0.0925604475
3.800	 0.0312695312	 0.6996300781	 0.2622737784	 0.0908934451
3.850	 0.0023632812	 0.7072529297	 0.2587489438	 0.0890475268
3.900	 0.0110156250	 0.7152009766	 0.2557840592	 0.0873819948
3.950	 0.0027539062	 0.7234572266	 0.2523683089	 0.0857764101
4.000	 0.0010351562	 0.7294931641	 0.2484360218	 0.0840365403
4.050	 0.0051171875	 0.7377146484	 0.2463239693	 0.0823862209
4.100	 0.0102539063	 0.7453048828	 0.2424874562	 0.0809552958
4.150	 0.0058593750	 0.7523941406	 0.2403892425	 0.0794101064
4.200	 0.0017773437	 0.7591966797	 0.2372054963	 0.0779343650
4.250	 0.0114062500	 0.7658121094	 0.2345582311	 0.0764239066
4.300	 0.0030078125	 0.7728792969	 0.2318171302	 0.0750559305
4.350	 0.0217382812	 0.7803654297	 0.2291695693	 0.0737442875
4.400	 0.0007812500	 0.7866550781	 0.2264990373	 0.0723870274
4.450	 0.0145117188	 0.7918976562	 0.2238811450	 0.0709871138
4.500	 0.0325195313	 0.7991986328	 0.2214664629	 0.0698171635
4.550	 0.0195312500	 0.8045304688	 0.2190412920	 0.0684878158
4.600	 0.0244726562	 0.8113759766	 0.2168337532	 0.0673586606
4.650	 0.0100000000	 0.8165216797	 0.2144835441	 0.0660793771
4.700	 0.0107421875	 0.8228671875	 0.2120581444	 0.0650633303
4.750	 0.0090234375	 0.8295273438	 0.2098805799	 0.0639298481
4.800	 0.0094921875	 0.8346623047	 0.2076389949	 0.0628275625
4.850	 0.0000195313	 0.8403900391	 0.2056172400	 0.0617120100
4.900	 0.0153515625	 0.8447568359	 0.2033650301	 0.0606223461
4.950	 0.0126562500	 0.8506955078	 0.2012722593	 0.0596244151
5.000	 0.0191406250	 0.8562644531	 0.1995607910	 0.0586616350
